pygame 2.2.0 (SDL 2.30.7, Python 3.8.10)
Hello from the pygame community. https://www.pygame.org/contribute.html
LEVEL:0:_________\n_.....B8_\n_......._\n_...R..._\n_..o1..._\n_......._\n_....B.._\n_......._\n_....rs._\n_..1SF.._\n_fB31s.._\n_F112o.._\n_......._\n_________
BATCH:0:0:0
TRAINING ON LEVEL:61
of 184 levels
---LEVEL STRING---
_________
_.....B8_
_......._
_...R..._
_..o1..._
_......._
_....B.._
_......._
_....rs._
_..1SF.._
_fB31s.._
_F112o.._
_......._
_________
---LEVEL STRING---
TRACK:0;-1;-1;0;4;3;4;3;4;4;5;0;6;17;0;8;25;4;5;6;3;0;5;0;3;5;15;2;6;20;9.71339557931515;0;11;8;2;4;5;4;18;1;2;4;8;4;12;1;1;19;22;8.984838438428824;0;11;17
TRACK:1;-1;-1;6;2;4;2;2;1;1;4;6;4;9;4;6;1;11;7;4.311827878738907;1;5;5;1;24;21;2.720342480223737;6;6;0;24;25;2;2;5;1;0;12;25;4;10;0;5;5;23;1.5771535950286282;4;1;17;22;5.799910819366417;4;2;0;4;25;1;13;21;9.785573866236202;0;4;10;0;23;-2.5759644051766646;7;1.7976680090283388;0;2;0;4;3;2;20;-2.6114547388315223;24;1;6;0;15;13;6;0;14;16;3;3;0;1;11;19;0;17;9;2;4;0;6;1;23;-1.9971314168699301;8;5;4;22;9.397519712911198;0;2;2;4;8;6;18;4;6;16;2;2;2;20;4.298054650413825;25;0;16;9;3;3;12;2;5;1;6;4;2;4;0;17;16;0;2;16;19;2;7;-2.165700148033789;10;1;1;3;5;3;8;2;5;4;14;0;1;23;5.238438162034427;21;-7.761066252956688;6;14;0;2;3;4;11;1;1;12;20;1.6672649311496777;6;14;0;3;5;12;4;1;12;13;5;3;1;0;3;6;2;25;11;0;3;1;16;13;1;6;9;6;14;6;5;3;5;11
TRACK:2;-1;-1;5;4;5;1;3;4;6;1;4;3;11;5;2;25;8;1;6;4;6;1;3;12;0;22;8.94541390114539;20;7.985429217464425;1;1;4;0;2;19;8;5;8;2;6;1;22;5.265642288714556;18;4;1;25;11;4;5;3;3;8
TRACK:3;-1;-1;1;0;3;0;1;3;6;4;1;2;12;12;1;17;25;4;5;1;4;1;17;10;4;6;21;-7.4492048732486875;2;3;3;4;0;0;15;24;0;22;3.6112853585149693;11;1;1;2;1;3;13;5;21;5.514023248199136;1;3;20;-6.428846679085387;6;16;2;0;6;15;0;23;8.887759958973195;22;-9.627699440003525;2;6;13;6;13;5;0;5;2;8;12;0;5;23;-3.6268309500968243;1;16;17;1;6;6;1;0;2;5;2;12;25;6;1;24;18;1;6;0;24;23;-5.125252182451845;1;4;23;-9.374502089663899;0;19;25;0;0;2;0;12;19;4;15;6;4;18;2;0;2;25;17;0;15;19;1;2;8;16;0;9;20;-2.33377802013639;0;4;3;5;1;3;4;24;1;0;13;19;4;22;-8.371965715716305;3;0;1;2;2;1;22;-0.09157694245074133;17;5;24;0;3;22;1.072588071042503;1;12;10;0;1;6;12;2;23;0.39217950567103976;13;4;0;20;7.238142158059965;8;4;5;1;3;8;1;24;16;4;5;0;2;1;4;5;5;4;16;0;5;0;4;21;6.450843406627595;1;16;21;-0.3943423458657733;6;5;2;11;8;3;5;5;4;2;25;14;4;5;6;5;3;5;9
TRACK:4;-1;-1;5;4;4;0;4;0;0;2;5;6;25;2;2;16;8;5;12;0;5;4;22;-6.565461848315987;2;0;12;18;0;13;9;5;4;5;5;12;2;3;6;1;6;4;18;1;5;10;3;11;0;3;0;1;1;22;-8.813317023672024;15;4;16;3;5;12;6;1;2;6;16;3;9;3;1;15;25
TRACK:5;-1;-1;2;5;1;1;2;4;0;5;3;1;25;24;3;3;5;22;-2.1868106925273567;1;2;1;1;4;9;2;22;9.523332252582861;20;-4.408668080011456;1;6;11;4;11;1;5;2;16;22;-6.835272373239947;4;5;7;-7.8006281338269385;1;0;6;1;14;21;-5.494216947989945;1;1;7;-9.935076107003216;10;4;9;0;4;1;21;2.483871990800468;11;1;2;19;25;5;12;3;3;2;0;6;3;19;1;5;7;8.930996106856266;6;24;6;2;3;10;2;8;8;4;2;1;2;5;6;3;19;1;5;5;19;0;3;11;2;10;7;-2.113092861974417;0;0;1;2;12;14;3;24;0;2;9;23;-9.676011366468506;4;10;4;3;0;25;19;4;5;0;2;5;7;0.8158270053883392;6;14;4;2;12;11;2;4;4;4;0;6;3;2;3;16;4;17;2;1;4;6;16;3;3;13;4;0;4;14;5;9;0;6;5;6;5;5;5;4;8;2;4;1;2;4;5;2;25;18;0;5;4;23;-4.024505062989645;2;0;19;8;2;15;23;1.5726780908269422;1;1;2;1;22;-6.833172214238193;22;1.9945693466718755;4;14;2;6;22;4.150924901350015;0;23;6.772878834618073;15;0;2;0;7;6.8191708823299315;23;8.28072143427471;4;13;1;0;14;25;5;21;-4.526796588701809;5;3;2;3;6;0;11;12;3;6;1;22;-5.733616508345303;18
TRACK:6;-1;-1;6;1;2;5;0;1;2;6;0;5;8;0;23;0.3562748044528856;15;4;0;3;18;5;25;2;2;0;2;9;7;-9.331716219789225;3;19;3;0;19;20;-8.188688088478006;2;2;4;14;6;21;-9.302802459331607;6;1;23;3.2984358176714412;25;6;5;5;5;2;11;17;4;3;5;3;5;3;6;12;4;5;2;3;1;2;6;5;15;4;3;14;3;3;3;20;6.845112671029504;6;1;6;4;3;9;4;6;2;11;23;-4.522511983814148
TRACK:7;-1;-1;4;6;5;3;2;2;6;3;6;3;9;4;3;3;4;11;6;3;0;4;4;24;3;6;18
TRACK:8;-1;-1;0;4;1;3;5;2;1;1;4;3;20;5.625112640965014;1;1;18;18;3;16;0;2;4;15;1;14;23;-7.39765296692312;2;4;11;2;12;21;8.38313696753865;2;2;3;6;9;5;0;10;25;2;3;3;23;8.647844173717324;3;3;18;5;3;3;4;6;3;4;8;1;5;6;4;6;0;5;5;5;24;0;6;3;11;3;4;10;4;5;6;4;3;6;4;1;8;22;-7.05613252595197
TRACK:9;-1;-1;5;3;5;1;3;0;3;4;3;0;19;23;-3.8476537521562975;3;4;3;1;18;10;6;5;2;2;0;5;22;1.4067648728723885;4;18;4;3;12;5;4;1;15;18
EVAL_INSTANCE:0:0:0
EVAL_INSTANCE:0:1:1
EVAL_INSTANCE:0:2:2
EVAL_INSTANCE:0:3:3
EVAL_INSTANCE:0:4:4
EVAL_INSTANCE:0:5:5
EVAL_INSTANCE:0:6:6
EVAL_INSTANCE:0:7:7
EVAL_INSTANCE:0:8:8
EVAL_INSTANCE:0:9:9
RUN_RESULT:0:0:0:2000:----
RUN_RESULT:0:1:0:2000:----
RUN_RESULT:0:2:0:941:DLUURRD
RUN_RESULT:0:3:0:2000:----
RUN_RESULT:0:4:0:2000:----
RUN_RESULT:0:5:0:2000:----
RUN_RESULT:0:6:0:941:DLUURRD
RUN_RESULT:0:7:0:30:DLUURRD
RUN_RESULT:0:8:0:941:DLUURRD
RUN_RESULT:0:9:0:2000:----
=================================================
n_gen  |  n_eval  |     f_avg     |     f_min    
=================================================
     1 |       10 | -1.314700E+03 | -3.970000E+03
TRACK:10;9;8;5;3;5;1;3;0;3;4;3;0;19;23;-3.8476537521562975;3;4;3;1;18;10;6;5;4;8
TRACK:11;9;8;0;4;1;3;5;2;1;1;4;3;20;5.625112640965014;1;1;18;18;3;16;0;2;4;12;1;14;23;-7.39765296692312;2;4;11;2;12;21;8.38313696753865;2;2;3;6;9;5;0;10;25;2;3;3;23;8.647844173717324;3;3;18;5;3;3;4;6;3;4;8;1;5;6;4;6;0;5;5;5;24;0;6;3;11;3;4;10;4;5;6;4;3;6;4;1;8;22;-7.05613252595197
TRACK:12;2;7;5;4;5;1;3;4;6;1;4;3;11;5;2;25;8;1;6;4;6;1;3;12;0;22;8.94541390114539;20;7.985429217464425;1;1;4;0;2;19;8;5;8;2;6;1;22;5.265642288714556;18;4;1;25;11;4;5;3;3;8
TRACK:13;2;7;4;6;5;3;2;2;6;3;6;3;9;25;6;3;0;4;4;24;3;6;18
TRACK:14;6;5;6;1;2;5;0;1;2;6;0;5;8;0;23;0.3562748044528856;15;4;0;3;18;5;25;2;2;0;2;9;7;-9.331716219789225;3;19;3;0;19;20;-8.188688088478006;2;2;4;14;6;21;-9.302802459331607;6;1;23;3.2984358176714412;25;6;5;5;5;2;11;17;4;3;5;3;5;3;6;12;4;5;2;3;1;2;6;5;15;4;3;14;3;3;3;20;6.845112671029504;6;1;6;4;3;7;-9.935076107003216;4;6;2;11;23;-4.522511983814148
TRACK:15;6;5;2;5;1;1;2;4;0;5;3;1;25;24;3;3;5;22;-2.1868106925273567;1;2;1;1;4;9;2;22;9.523332252582861;20;-4.408668080011456;1;6;11;4;11;1;5;2;16;22;-6.835272373239947;4;5;7;-7.8006281338269385;1;0;6;1;14;21;-5.494216947989945;1;1;7;-9.935076107003216;10;4;9;0;4;1;21;2.483871990800468;11;1;2;19;25;5;12;3;3;2;0;6;3;19;1;5;7;8.930996106856266;6;24;6;2;3;10;2;8;8;4;2;1;2;5;6;3;19;1;5;5;19;0;3;11;2;10;7;-2.113092861974417;0;0;1;2;12;14;3;24;0;2;9;23;-9.676011366468506;4;10;4;3;0;25;19;4;5;0;2;5;7;0.8158270053883392;6;14;4;2;12;11;2;4;4;4;0;6;3;2;3;16;4;17;2;1;4;6;16;3;3;13;4;0;4;14;5;9;0;6;5;6;5;5;5;4;8;2;4;1;2;4;5;2;25;18;0;5;4;23;-4.024505062989645;2;0;19;8;2;15;23;1.5726780908269422;1;1;2;1;22;-6.833172214238193;22;1.9945693466718755;4;14;2;6;22;4.150924901350015;0;23;6.772878834618073;15;0;2;0;7;6.8191708823299315;23;8.28072143427471;4;11;1;0;14;25;5;21;-4.526796588701809;5;3;2;3;6;0;11;12;3;6;1;22;-5.733616508345303;18
TRACK:16;7;1;4;6;5;3;2;2;6;3;6;3;9;0;23;-2.5759644051766646;7;1.7976680090283388;6;3;0;4;4;24;3;6;18
TRACK:17;7;1;6;2;4;2;2;1;1;4;6;4;9;4;6;1;11;7;4.311827878738907;1;5;5;1;24;21;2.720342480223737;6;6;0;24;25;2;2;5;1;0;12;25;4;10;0;5;5;23;1.5771535950286282;4;1;17;22;5.799910819366417;4;2;0;4;25;1;13;21;9.785573866236202;0;4;10;0;23;-2.5759644051766646;7;1.7976680090283388;0;2;0;4;3;2;20;-2.6114547388315223;24;1;6;0;15;13;6;0;14;16;3;3;0;1;11;19;0;17;9;2;4;0;6;1;23;-1.9971314168699301;8;5;4;22;9.397519712911198;0;2;2;4;8;6;18;4;6;16;2;2;2;20;4.298054650413825;25;0;16;9;3;3;12;2;5;1;6;4;2;4;0;17;16;0;2;16;19;2;7;-2.165700148033789;10;1;1;3;5;3;8;2;5;4;14;0;1;23;5.238438162034427;21;-7.761066252956688;6;14;0;2;3;3;9;1;1;12;20;1.6672649311496777;6;14;0;3;5;12;4;1;12;13;5;3;1;0;3;6;2;25;11;0;3;1;16;13;1;6;9;6;14;6;5;3;5;11
TRACK:18;8;2;0;4;1;3;5;2;1;1;4;3;20;5.625112640965014;1;1;18;18;3;16;0;2;4;15;1;14;23;-7.39765296692312;2;4;11;2;12;21;8.38313696753865;2;2;3;6;9;5;0;10;25;2;3;3;23;8.647844173717324;3;3;18;5;3;3;4;6;3;4;8;1;5;6;11;4;5;6;4;3;6;4;1;8;22;-7.05613252595197
TRACK:19;8;2;5;4;5;1;3;4;6;1;4;3;11;5;2;25;8;1;6;4;6;1;3;12;0;22;8.94541390114539;20;7.985429217464425;1;1;4;0;2;19;8;5;8;9;4;5;3;3;8
TRACK:20;10;-1;5;3;5;1;3;0;3;4;3;0;19;23;-3.848142252814969;3;4;3;1;18;10;6;5;4;0;4;5;17;2;4;22;5.06474922114209;4;23;7.535492903100238
TRACK:21;12;-1;5;4;5;1;3;4;6;1;4;3;11;5;2;25;8;1;6;4;6;1;1;18;16;3;22;-6.566714914797163;1;1;4;0;2;19;8;5;8;2;6;1;22;5.369956317731334;18;4;1;25;11;4;5;3;3;8
TRACK:22;14;-1;6;1;2;5;0;1;2;6;1;18;20;-7.233851876070454;2;3;8;0;7;8.149669069833024;25;2;2;0;2;9;7;-9.194962870510887;3;19;3;0;19;20;-8.129647503876388;2;2;4;14;6;21;-9.288354070640075;6;1;23;3.2604499193857635;25;6;5;5;5;2;11;17;4;3;5;3;5;3;6;12;4;5;2;3;1;2;6;5;15;4;3;14;3;3;3;20;6.776481556396079;6;1;6;4;3;7;-9.901232815606484;4;6;2;11;23;-4.598911632369033
TRACK:23;16;-1;4;6;5;3;2;2;6;3;4;20;0.342322478338712;0;23;-2.5783534394478442;7;1.7338313362212006;6;3;0;4;4;24;3;6;18
TRACK:24;18;-1;0;4;1;3;5;2;1;1;4;3;23;8.054043741143914;1;1;18;18;3;16;0;2;4;15;1;14;23;-7.471897524005932;2;4;11;2;12;21;8.451908203178014;2;2;3;6;9;5;0;10;25;2;3;3;23;8.639460608520638;3;3;18;5;3;3;4;6;3;4;8;1;5;6;11;4;5;6;4;3;6;4;1;8;22;-7.163254792449782
TRACK:25;11;-1;0;4;1;3;5;2;1;1;4;3;20;5.609430851140486;1;1;18;18;3;16;0;2;4;12;1;14;23;-7.35610158805395;2;4;11;2;12;21;8.395898739104359;2;2;3;6;9;5;0;10;25;2;3;3;22;-0.875727055716208;3;3;18;5;3;3;4;6;3;4;8;1;5;6;4;6;0;5;5;5;24;0;6;3;11;3;4;10;4;5;6;4;3;6;4;1;8;22;-7.057400275895819
TRACK:26;13;-1;4;6;5;3;2;2;6;0;4;6;8;2;4;9;3;8;25;6;3;0;4;4;24;3;6;18
TRACK:27;15;-1;2;5;1;1;2;4;0;5;3;1;25;24;3;3;5;22;-2.2829632490621585;1;2;1;1;4;9;2;22;9.473328971194519;20;-4.26640389984375;1;6;11;4;11;1;5;2;16;22;-6.803169404824234;4;5;7;-7.856107991235986;1;0;6;1;14;21;-5.42513309208161;1;1;7;-9.86843714909572;10;4;9;0;4;1;21;2.5165995911086956;11;1;2;19;25;5;12;3;3;2;0;6;3;19;1;5;7;9.00420473391923;6;24;6;2;3;10;2;8;8;4;2;1;2;5;6;3;19;1;5;5;19;0;3;11;2;10;7;-2.152214705309336;0;0;1;2;12;14;3;24;0;2;9;23;-9.639165584416418;4;10;4;3;0;25;19;4;5;0;2;5;7;0.8683991256842769;6;14;4;2;12;11;2;4;4;4;0;6;3;2;3;16;4;17;2;1;4;6;16;3;3;13;4;0;4;14;5;9;0;6;5;6;5;5;5;4;8;2;4;1;2;4;5;2;25;18;0;5;4;23;-3.9353231209826944;2;0;19;8;2;15;23;1.381890494228777;1;1;2;1;22;-6.912740217785235;22;2.0607564474793167;4;14;2;6;22;3.9668536751506385;0;23;7.06005868391183;15;0;2;0;7;6.817324512102828;23;8.256752646421539;4;14;1;0;14;25;5;21;-4.476917794400425;5;3;2;3;6;0;11;12;3;6;1;22;-5.760958609328944;18
TRACK:28;17;-1;6;2;4;2;2;1;1;4;6;4;9;4;6;1;11;7;4.381099896002738;1;5;5;1;24;21;2.6998154072041616;6;6;0;24;25;2;2;5;2;12;20;-2.1287317679091045;0;5;5;23;1.3844251306824809;4;1;17;22;5.804233688522736;4;2;0;4;25;1;13;21;9.698029688908466;0;4;10;0;23;-2.689744125067082;7;1.758309961804318;0;2;0;4;3;2;20;-2.4963292544010085;24;1;6;0;15;13;6;0;14;16;3;3;0;1;11;19;0;17;9;2;4;0;6;1;23;-1.8658057457292554;8;5;4;22;9.349884591506338;0;2;2;4;8;6;18;4;6;16;2;2;2;20;4.269779352903731;25;0;16;9;3;3;12;2;5;1;6;4;2;4;0;17;16;0;2;16;19;2;7;-2.0168686470763713;10;1;1;3;5;3;8;2;5;4;14;0;1;23;5.274208064541814;21;-7.774994249827073;6;14;0;2;3;3;9;1;1;12;20;1.7319241924980184;6;14;0;3;5;12;4;1;12;13;5;3;1;0;3;6;2;25;11;0;3;1;16;13;1;6;9;6;14;6;5;3;5;11
TRACK:29;19;-1;5;4;5;1;3;4;6;1;4;3;11;5;2;25;8;1;6;4;6;1;3;12;0;22;8.908993261891167;20;7.991456763850829;1;1;4;0;2;19;8;5;8;9;4;1;1;6;9;3;23;-7.5511609086876845;1;3;15;6;11
EVAL_INSTANCE:1:0:20
EVAL_INSTANCE:1:1:21
EVAL_INSTANCE:1:2:22
EVAL_INSTANCE:1:3:23
EVAL_INSTANCE:1:4:24
EVAL_INSTANCE:1:5:25
EVAL_INSTANCE:1:6:26
EVAL_INSTANCE:1:7:27
EVAL_INSTANCE:1:8:28
EVAL_INSTANCE:1:9:29
RUN_RESULT:1:0:0:1212:DLUURRD
RUN_RESULT:1:1:0:941:DLUURRD
RUN_RESULT:1:2:0:941:DLUURRD
RUN_RESULT:1:3:0:941:DLUURRD
RUN_RESULT:1:4:0:941:DLUURRD
RUN_RESULT:1:5:0:941:DLUURRD
RUN_RESULT:1:6:0:941:DLUURRD
RUN_RESULT:1:7:0:2000:----
RUN_RESULT:1:8:0:2000:----
RUN_RESULT:1:9:0:941:DLUURRD
     2 |       20 | -3.150100E+03 | -3.970000E+03
TRACK:30;7;6;4;6;5;5;2;11;17
TRACK:31;7;6;6;1;2;5;0;1;2;6;0;5;8;0;23;0.3562748044528856;15;4;0;3;18;5;25;2;2;0;2;9;7;-9.331716219789225;3;19;3;0;19;20;-8.188688088478006;2;2;4;14;6;21;-9.302802459331607;6;4;11;6;5;5;5;2;11;17;4;3;5;3;5;3;6;12;4;5;2;3;1;2;6;5;15;4;3;14;3;3;3;20;6.845112671029504;6;1;6;4;3;9;4;6;2;11;23;-4.522511983814148
TRACK:32;22;26;6;1;2;5;0;1;2;6;1;18;20;-7.233851876070454;2;3;8;0;7;8.149669069833024;25;2;2;0;2;9;7;-9.194962870510887;3;19;3;0;19;20;-8.129647503876388;2;2;4;14;6;21;-9.288354070640075;6;1;23;3.2604499193857635;25;6;5;5;5;2;11;17;4;3;5;3;5;3;6;12;4;5;2;2;6;0;4;6;8;2;4;9;3;8;25;6;1;6;4;3;7;-9.901232815606484;4;6;2;11;23;-4.598911632369033
TRACK:33;22;26;4;6;5;2;3;1;2;6;5;15;4;3;14;3;3;3;20;6.776481556396079;6;1;6;4;3;7;-9.901232815606484;4;6;2;11;23;-4.598911632369033
TRACK:34;8;25;0;4;1;3;5;2;1;1;4;3;20;5.625112640965014;1;1;18;18;3;16;0;2;4;15;1;14;23;-7.39765296692312;2;4;11;2;12;21;8.38313696753865;2;2;3;6;9;5;0;10;25;2;3;3;23;8.647844173717324;3;3;18;5;3;3;4;6;3;4;8;1;5;6;4;6;0;5;5;5;24;0;6;12;3;4;10;4;5;6;4;3;6;4;1;8;22;-7.05613252595197
TRACK:35;8;25;0;4;1;3;5;2;1;1;4;3;20;5.609430851140486;1;1;18;18;3;16;0;2;4;12;1;14;23;-7.35610158805395;2;4;11;2;12;21;8.395898739104359;2;2;3;6;9;5;0;10;25;2;3;3;22;-0.875727055716208;3;3;18;5;3;3;4;6;3;4;8;1;5;6;4;6;0;5;5;5;24;0;6;3;11;3;4;10;3;11
TRACK:36;23;21;4;6;5;3;2;2;6;3;4;20;0.342322478338712;0;23;-2.5783534394478442;7;1.7338313362212006;6;3;0;4;4;24;11
TRACK:37;23;21;5;4;5;1;3;4;6;1;4;3;11;5;2;25;8;1;6;4;3;6;18;1;1;4;0;2;19;8;5;8;2;6;1;22;5.369956317731334;18;4;1;25;11;4;5;3;3;8
TRACK:38;7;6;4;6;5;3;2;2;6;3;6;3;9;4;3;3;4;11;6;3;0;4;4;9;3;6;18
TRACK:39;7;6;6;1;2;5;0;1;2;6;0;5;8;0;23;0.3562748044528856;15;4;0;3;18;5;25;2;2;0;2;9;7;-9.331716219789225;3;19;3;0;19;20;-8.188688088478006;2;2;4;14;6;21;-9.302802459331607;6;1;23;3.2984358176714412;25;6;5;5;5;2;11;17;3;3;4;11;4;5;2;3;1;2;6;5;15;4;3;14;3;3;3;20;6.845112671029504;6;1;6;4;3;9;4;6;2;11;23;-4.522511983814148
TRACK:40;30;-1;4;6;3;4;2;3;2;3;3;6;19;4;1;5;14;6;17;5;0;3;3;5;8;3;3;2;18;11
TRACK:41;32;-1;6;1;2;5;0;1;2;6;1;18;20;-7.2623717893439155;2;3;8;0;7;8.28629213656666;25;2;2;0;2;9;7;-9.187988210489634;3;19;3;0;19;20;-8.042537999532684;2;2;4;14;6;21;-9.338781940730621;6;1;23;3.2908038522998426;25;6;5;5;5;2;11;17;4;3;5;1;4;1;0;22;-3.235029878829554;8;5;23;1.438165929234355;3;2;3;18;6;18;4;5;2;2;6;0;4;6;8;2;4;9;3;8;25;6;1;6;4;3;7;-9.93891435478708;4;6;2;11;23;-4.756725626183218
TRACK:42;34;-1;0;4;1;3;5;2;1;1;4;3;20;5.797414950632175;1;1;18;18;3;16;0;2;4;15;1;14;23;-7.3998399262691;2;4;11;2;12;21;8.258029025089971;2;2;3;6;9;5;0;10;25;2;3;6;14;3;3;18;5;3;3;4;6;3;4;8;1;5;6;4;6;0;5;5;5;24;0;6;12;3;4;10;4;5;6;4;3;6;4;1;8;22;-7.186735798895582
TRACK:43;36;-1;4;6;5;5;0;6;6;4;9;3;4;3;15
TRACK:44;38;-1;4;6;5;3;2;2;6;3;6;3;9;4;3;3;4;11;6;3;0;4;4;9;3;6;21;0.6336020313837221
TRACK:45;31;-1;6;1;2;5;0;1;2;6;0;5;8;0;23;0.23664770516763456;15;4;0;3;18;5;25;2;2;1;3;10;6;10;3;0;19;20;-8.252429294046374;2;2;4;14;6;21;-9.285006624286618;6;4;11;6;5;5;5;2;11;17;4;3;5;3;5;3;6;12;4;5;2;3;1;2;6;5;15;4;3;14;3;3;3;20;6.88201374246172;6;1;6;4;3;9;4;6;2;11;23;-4.661192444398071
TRACK:46;33;-1;4;6;5;2;3;1;2;6;5;15;4;2;12;15;3;3;3;20;6.716862319709028;6;1;6;4;3;7;-10.0;4;6;2;11;23;-4.49709847113905
TRACK:47;35;-1;0;4;1;3;5;2;1;1;4;3;20;5.625107727721785;1;1;18;18;3;16;0;2;4;12;1;14;23;-7.2642128358424785;2;4;11;2;12;21;8.547523377173757;2;2;3;6;9;5;0;10;25;2;3;3;22;-0.7053107382170593;3;3;18;5;3;3;4;0;16;17;1;5;6;4;6;0;5;5;5;24;0;6;3;11;3;4;10;3;11
TRACK:48;37;-1;5;4;5;1;3;4;6;1;4;3;11;5;2;25;8;1;6;4;3;6;18;1;1;4;3;8;2;6;1;22;5.385919011604285;18;4;1;25;11;4;5;3;3;8
TRACK:49;39;-1;6;1;2;5;3;4;16;3;3;4;11;4;5;2;3;1;2;6;5;15;4;3;14;3;3;3;20;6.794538091578228;6;1;6;4;3;9;4;6;2;11;23;-4.385204608607486
EVAL_INSTANCE:2:0:40
EVAL_INSTANCE:2:1:41
EVAL_INSTANCE:2:2:42
EVAL_INSTANCE:2:3:43
EVAL_INSTANCE:2:4:44
EVAL_INSTANCE:2:5:45
EVAL_INSTANCE:2:6:46
EVAL_INSTANCE:2:7:47
EVAL_INSTANCE:2:8:48
EVAL_INSTANCE:2:9:49
RUN_RESULT:2:0:0:941:DLUURRD
RUN_RESULT:2:1:0:66:UULLDLLD
RUN_RESULT:2:2:0:941:DLUURRD
RUN_RESULT:2:3:0:941:DLUURRD
RUN_RESULT:2:4:0:21:DLUURRD
RUN_RESULT:2:5:0:941:DLUURRD
RUN_RESULT:2:6:0:941:DLUURRD
RUN_RESULT:2:7:0:941:DLUURRD
RUN_RESULT:2:8:0:941:DLUURRD
RUN_RESULT:2:9:0:941:DLUURRD
     3 |       30 | -3.329600E+03 | -3.979000E+03
TRACK:50;2;7;5;4;5;1;3;4;6;3;6;3;9;1;6;4;6;1;3;12;0;22;8.94541390114539;20;7.985429217464425;1;1;4;0;2;19;8;5;8;2;6;1;22;5.265642288714556;18;4;1;25;11;4;5;3;3;8
TRACK:51;2;7;4;6;5;3;2;2;6;3;6;3;9;4;3;3;4;11;6;3;0;3;3;8;3;6;18
TRACK:52;23;41;4;6;5;3;2;2;6;3;4;20;0.342322478338712;0;23;-2.5783534394478442;7;1.7338313362212006;6;3;0;4;11;3;6;18
TRACK:53;23;41;6;1;2;5;0;1;2;6;1;18;20;-7.2623717893439155;2;3;8;0;7;8.28629213656666;25;2;2;0;2;9;7;-9.187988210489634;3;19;3;0;19;20;-8.042537999532684;2;2;4;14;6;21;-9.338781940730621;6;1;23;3.2908038522998426;25;6;5;5;5;2;11;17;4;3;5;1;4;1;0;22;-3.235029878829554;8;5;23;1.438165929234355;3;20;0.342322478338712;4;5;2;2;6;0;4;6;8;2;4;9;3;8;25;6;1;6;4;3;7;-9.93891435478708;4;6;2;11;23;-4.756725626183218
TRACK:54;44;41;4;6;5;3;2;2;6;3;6;3;9;4;3;3;4;11;6;3;0;4;4;9;3;6;23;-4.756725626183218
TRACK:55;44;41;6;1;2;5;0;1;2;6;1;18;20;-7.2623717893439155;2;3;4;9;0;7;8.28629213656666;25;2;2;0;2;9;7;-9.187988210489634;3;19;3;0;19;20;-8.042537999532684;2;2;4;14;6;21;-9.338781940730621;6;1;23;3.2908038522998426;25;6;5;5;5;2;11;17;4;3;5;1;4;1;0;22;-3.235029878829554;8;5;23;1.438165929234355;3;2;3;18;6;18;4;5;2;2;6;0;4;6;8;2;4;9;3;8;25;6;1;6;4;3;7;-9.93891435478708;4;6;2;11;23;-4.756725626183218
TRACK:56;2;7;5;4;5;1;3;4;6;1;4;3;11;5;2;25;8;1;3;0;4;4;24;3;6;18;1;1;4;0;2;19;8;5;8;2;6;1;22;5.265642288714556;18;4;1;25;11;4;5;3;3;8
TRACK:57;2;7;4;6;5;3;5;3;3;8
TRACK:58;21;44;5;4;5;1;3;4;6;1;4;3;11;5;2;25;8;1;6;4;6;1;1;18;16;3;22;-6.566714914797163;1;3;0;4;4;9;3;6;21;0.6336020313837221;4;5;3;3;8
TRACK:59;21;44;4;6;5;1;4;0;2;19;8;5;8;2;6;1;22;5.369956317731334;18;4;1;25;11
TRACK:60;50;-1;5;4;5;1;3;4;6;3;6;3;9;1;6;4;6;1;3;12;0;22;8.896457074840054;20;7.939943850481921;1;1;4;0;2;19;8;5;8;2;6;1;22;5.244466901514258;18;4;1;25;11;4;4;3;3;12
TRACK:61;52;-1;4;6;5;3;2;2;6;3;4;20;0.19213836396294703;0;4;0;25;17;7;1.763190295740203;6;3;0;4;11;3;6;18
TRACK:62;54;-1;4;6;5;3;2;2;6;3;6;3;9;4;3;3;4;20;-6.370902625445279;6;3;0;4;4;9;3;6;23;-4.912281177614853
TRACK:63;56;-1;5;4;5;1;3;4;6;1;4;3;11;5;2;25;8;1;3;0;4;4;24;3;6;18;1;1;4;0;2;19;8;5;8;3;17;4;5;3;3;8
TRACK:64;58;-1;5;4;5;1;3;4;6;1;4;3;11;5;2;25;8;1;6;4;6;1;1;18;16;3;22;-6.544706696070056;1;3;0;4;4;9;3;6;21;0.5679261697054587;4;5;3;5;16
TRACK:65;51;-1;4;6;5;3;2;2;6;3;6;21;4.91868092938889;4;3;3;4;11;6;3;0;3;3;8;3;6;18
TRACK:66;53;-1;6;5;2;1;2;0;20;8.75386095738683;8;6;23;0.4845743561800049;6;5;9;5;1;3;22;-7.3174815830855655;4;15
TRACK:67;55;-1;6;1;2;5;0;1;2;6;1;18;20;-7.180439600083528;2;3;4;9;0;7;7.980119328759655;25;2;2;0;2;9;7;-9.173055799642716;3;19;3;0;19;20;-8.001819268055465;2;2;4;14;6;21;-9.343390481895774;6;1;23;3.1988444986164977;25;6;5;5;5;2;11;17;4;3;5;3;6;1;12;11;4;5;2;2;6;0;4;6;8;2;4;9;3;8;25;6;1;6;4;3;7;-10.0;4;6;2;11;23;-4.795698820622021
TRACK:68;57;-1;4;6;5;3;5;3;3;1;4;7;5.823816284348748;6;23;-8.442182505623187
TRACK:69;59;-1;4;6;5;1;4;0;2;19;8;5;8;2;6;1;22;5.35151082054456;18;4;1;25;0;0;6;12;3;11;0;6;15;5;19
EVAL_INSTANCE:3:0:60
EVAL_INSTANCE:3:1:61
EVAL_INSTANCE:3:2:62
EVAL_INSTANCE:3:3:63
EVAL_INSTANCE:3:4:64
EVAL_INSTANCE:3:5:65
EVAL_INSTANCE:3:6:66
EVAL_INSTANCE:3:7:67
EVAL_INSTANCE:3:8:68
EVAL_INSTANCE:3:9:69
RUN_RESULT:3:0:0:941:DLUURRD
RUN_RESULT:3:1:0:941:DLUURRD
RUN_RESULT:3:2:0:2000:----
RUN_RESULT:3:3:0:941:DLUURRD
RUN_RESULT:3:4:0:941:DLUURRD
RUN_RESULT:3:5:0:53:UULLDLLD
RUN_RESULT:3:6:0:75:UULLDLLD
RUN_RESULT:3:7:0:66:UULLDLLD
RUN_RESULT:3:8:0:941:DLUURRD
RUN_RESULT:3:9:0:941:DLUURRD
     4 |       40 | -3.592500E+03 | -3.979000E+03
TRACK:70;65;67;4;6;5;11
TRACK:71;65;67;6;1;2;5;0;1;2;6;1;18;20;-7.180439600083528;2;3;4;9;0;7;7.980119328759655;25;2;2;8;3;0;19;20;-8.001819268055465;2;2;4;14;6;21;-9.343390481895774;6;1;23;3.1988444986164977;25;6;5;5;5;2;11;17;4;3;5;3;6;1;12;11;4;5;2;2;6;0;4;6;8;2;4;9;3;8;25;6;1;6;4;3;7;-10.0;4;6;2;11;23;-4.795698820622021
TRACK:72;44;7;4;6;5;3;2;2;6;3;6;3;9;4;3;3;4;11;6;3;0;4;4;11;3;6;21;0.6336020313837221
TRACK:73;44;7;4;6;5;3;6;21;0.6336020313837221
TRACK:74;41;44;6;1;2;5;0;1;2;6;1;18;20;-7.2623717893439155;2;3;8;0;7;8.28629213656666;25;2;2;0;6;21;0.6336020313837221;3;19;3;0;19;20;-8.042537999532684;2;2;4;14;6;21;-9.338781940730621;6;1;23;3.2908038522998426;25;6;5;5;5;2;11;17;4;3;5;1;4;1;0;22;-3.235029878829554;8;5;23;1.438165929234355;3;2;3;18;6;18;4;5;2;2;6;0;4;6;8;2;4;9;3;8;25;6;1;6;4;3;7;-9.93891435478708;4;6;2;11;23;-4.756725626183218
TRACK:75;41;44;4;6;5;3;2;2;6;3;6;3;9;4;3;3;4;11;6;3;0;4;4;9;2;4;14;6;21;-9.338781940730621
TRACK:76;7;65;4;6;5;3;2;2;6;3;6;3;9;4;3;3;4;11;6;3;0;4;4;24;3;11
TRACK:77;7;65;4;6;5;3;2;2;6;3;6;21;4.91868092938889;4;3;3;4;11;6;3;0;3;3;9;3;6;18
TRACK:78;2;41;5;4;5;1;3;4;6;1;4;3;11;5;2;25;8;1;6;4;6;1;3;12;0;22;8.94541390114539;20;7.985429217464425;1;1;4;0;2;19;8;5;21;-9.338781940730621;2;6;1;22;5.265642288714556;18;4;1;25;11;4;5;3;3;8
TRACK:79;2;41;6;1;2;5;0;1;2;6;1;18;20;-7.2623717893439155;2;3;8;0;7;8.28629213656666;25;2;2;0;2;9;7;-9.187988210489634;3;19;3;0;19;20;-8.042537999532684;2;2;4;14;6;21;-9.338781940730621;6;1;23;3.2908038522998426;25;6;5;5;5;2;11;17;4;3;5;1;4;1;0;22;-3.235029878829554;8;5;23;1.438165929234355;3;2;3;18;6;18;4;5;2;2;6;0;4;6;8;2;4;9;3;8;25;6;1;6;4;3;18;4;6;2;11;23;-4.756725626183218
TRACK:80;70;-1;4;5;3;0;16;12
TRACK:81;72;-1;4;6;5;3;2;2;6;3;6;3;21;-5.9887263331136324;4;3;3;4;11;6;3;0;4;4;11;3;6;21;0.7238572412831472
TRACK:82;74;-1;6;1;2;5;0;1;2;6;1;18;20;-7.193308686885738;2;3;8;0;7;8.306744177830993;6;17;2;2;0;6;21;0.7583779779375265;3;19;3;0;19;20;-8.197266036315817;2;2;4;14;6;21;-9.335832693211358;6;1;23;3.229647459574521;25;6;5;5;5;2;11;17;4;3;5;1;4;1;0;22;-3.3080316226495676;8;5;23;1.50203979944508;3;2;3;18;6;18;4;5;2;2;6;0;4;6;8;2;4;9;3;8;25;6;1;6;4;3;7;-9.948381942294159;4;6;2;11;23;-4.70865044554893
TRACK:83;76;-1;4;6;5;3;2;2;6;3;6;3;9;4;3;3;4;11;6;3;0;4;4;24;3;4;19
TRACK:84;78;-1;5;4;5;1;3;4;6;6;25;1;6;4;6;1;3;12;0;22;9.178601408714092;20;8.045117613952637;1;1;4;0;2;19;8;5;21;-9.342185732460791;2;6;1;22;5.294933404331463;18;4;1;25;11;4;5;3;3;8
TRACK:85;71;-1;6;1;2;5;0;1;2;6;1;18;20;-7.242056993472194;2;3;4;9;0;7;8.069411700270784;25;2;2;8;3;0;19;20;-8.031362506707937;2;2;4;14;6;21;-9.307847421850958;6;1;23;3.165411073767179;25;6;5;5;5;2;11;17;4;3;5;3;6;1;12;11;4;5;2;2;6;0;4;6;8;2;4;9;5;19;25;6;1;6;4;3;7;-10.0;4;6;2;11;23;-4.762138698078093
TRACK:86;73;-1;4;6;5;2;4;0;1;12;24;4;12;6;6;1;15;21;-4.608938442540957
TRACK:87;75;-1;4;6;5;3;2;2;6;3;6;3;9;4;3;3;4;11;3;3;6;6;18
TRACK:88;77;-1;4;6;5;3;2;2;6;3;6;21;4.92359301007792;4;3;3;4;11;6;9
TRACK:89;79;-1;6;6;6;2;9;22;0.3226005068928721
EVAL_INSTANCE:4:0:80
EVAL_INSTANCE:4:1:81
EVAL_INSTANCE:4:2:82
EVAL_INSTANCE:4:3:83
EVAL_INSTANCE:4:4:84
EVAL_INSTANCE:4:5:85
EVAL_INSTANCE:4:6:86
EVAL_INSTANCE:4:7:87
EVAL_INSTANCE:4:8:88
EVAL_INSTANCE:4:9:89
RUN_RESULT:4:0:0:941:DLUURRD
RUN_RESULT:4:1:0:84:UULLDLLD
RUN_RESULT:4:2:0:2000:----
RUN_RESULT:4:3:0:30:DLUURRD
RUN_RESULT:4:4:0:941:DLUURRD
RUN_RESULT:4:5:0:941:DLUURRD
RUN_RESULT:4:6:0:941:DLUURRD
RUN_RESULT:4:7:0:29:DLUURRD
RUN_RESULT:4:8:0:2000:----
RUN_RESULT:4:9:0:13:DLUURRD
     5 |       50 | -3.953300E+03 | -3.987000E+03
TRACK:90;65;89;4;6;5;3;2;2;6;3;6;21;4.91868092938889;4;3;3;2;9;22;0.3226005068928721;6;3;0;3;3;8;3;6;18
TRACK:91;65;89;6;6;6;2;0;3;3;8;3;6;18;22;0.3226005068928721
TRACK:92;7;67;4;6;5;8
TRACK:93;7;67;6;1;2;5;0;1;2;6;1;18;20;-7.180439600083528;2;3;4;9;0;7;7.980119328759655;25;2;2;0;2;9;7;-9.173055799642716;3;19;3;0;19;20;-8.001819268055465;2;2;4;14;6;21;-9.343390481895774;6;1;23;3.1988444986164977;24;6;5;5;5;2;11;17;4;3;5;3;6;1;12;11;4;5;2;2;6;0;4;6;8;2;4;9;3;8;25;6;1;6;4;3;7;-10.0;4;6;2;11;23;-4.795698820622021
TRACK:94;44;44;4;6;5;3;2;2;6;3;6;3;9;4;3;3;4;11;6;3;0;4;4;9;3;9
TRACK:95;44;44;4;6;5;3;2;2;6;3;9;4;3;3;4;11;6;3;0;4;4;9;3;6;21;0.6336020313837221
TRACK:96;41;89;6;1;2;5;0;1;2;6;6;2;9;22;0.3226005068928721;2;3;8;0;7;8.28629213656666;25;2;2;0;2;9;7;-9.187988210489634;3;19;3;0;19;20;-8.042537999532684;2;2;4;14;6;21;-9.338781940730621;6;1;23;3.2908038522998426;25;6;5;5;5;2;11;17;4;3;5;1;4;1;0;22;-3.235029878829554;8;5;23;1.438165929234355;3;2;3;18;6;18;4;5;2;2;6;0;4;6;8;2;4;9;3;8;25;6;1;6;4;3;7;-9.93891435478708;4;6;2;11;23;-4.756725626183218
TRACK:97;41;89;6;6;6;2;9;2;4;14;6;21;-9.338781940730621
TRACK:98;7;67;4;6;5;3;2;2;6;3;6;3;9;4;8;6;3;0;4;4;24;3;6;18
TRACK:99;7;67;6;1;2;5;0;1;2;6;1;18;20;-7.180439600083528;2;3;4;9;0;7;7.980119328759655;25;2;2;0;2;9;7;-9.173055799642716;3;19;3;0;19;20;-8.001819268055465;2;2;4;14;6;21;-9.343390481895774;6;1;23;3.1988444986164977;25;6;5;5;5;2;11;17;4;3;5;3;6;1;12;11;4;5;2;2;6;0;4;6;8;2;9;3;8;25;6;1;6;4;3;7;-10.0;4;6;2;11;23;-4.795698820622021
TRACK:100;90;-1;3;0;3;2;5;1;0;6;14;0;11;9;6;3;13;4;2;0;6;11;0;17;14;6;1;7;-3.3585355869795013;21;-8.765590084814505;2;5;6;1;5;6;12;4;3;9;1;4;0;3;6;18;6;2;11;17;1;5;2;2;24;15;5;18;3;3;3;22;-9.96738964762785
TRACK:101;7;-1;4;6;5;3;2;2;6;3;6;3;9;2;2;6;20;8.663797209958261;6;25;3;5;7;1.946409547470143;6;3;0;4;4;24;3;6;18
TRACK:102;94;-1;4;0;5;1;0;5;2;20;1.8536723844058152;12;2;4;16;0;17;23;8.131030737296108;2;4;5;20;7.565050666803881;2;6;13;2;12;16;1;4;6;2;6;14;3;8;2;1;2;2;11;21;8.895406564155401;3;18;3;5;12;6;2;5;9;1;9;15
TRACK:103;96;-1;6;1;2;5;0;1;2;6;6;2;9;22;0.4485910824675531;2;3;8;0;7;8.210571293394013;25;2;2;0;2;9;7;-9.205130812265548;3;19;3;0;19;20;-8.093671422732848;2;2;4;14;6;21;-9.412436355024143;6;1;23;3.3355950807490156;25;6;5;5;1;16;13;4;3;5;1;4;1;0;22;-3.2937992640885527;8;5;23;1.5275755791654495;3;2;3;18;6;18;4;5;2;2;6;0;4;6;8;2;4;9;3;8;25;6;1;6;4;3;7;-9.980981991362503;4;6;2;11;23;-4.725289541571929
TRACK:104;98;-1;4;6;5;3;2;2;6;3;6;3;9;4;8;6;3;0;4;4;24;3;6;15
TRACK:105;91;-1;6;6;6;2;0;3;3;8;0;3;5;5;3;17;1;1;5;6;20;-9.95768544222294;4;2;21;-8.493822145630203;11;5;6;1;12;11;22;0.26956196244013886
TRACK:106;67;-1;6;1;2;5;0;1;2;6;1;18;20;-7.177110925673952;2;3;4;9;0;7;7.892041005859732;25;2;2;0;2;9;7;-9.169696544167168;3;19;3;0;19;20;-8.056628287309534;2;2;4;14;6;21;-9.405357811289415;6;1;23;3.211317284288272;25;6;5;1;13;7;-5.373538291755951;4;3;5;3;6;1;12;11;4;5;2;2;6;0;4;6;8;2;4;9;3;8;25;6;1;6;4;3;7;-10.0;4;6;2;11;23;-4.931802259609303
TRACK:107;95;-1;4;6;5;3;3;1;5;1;2;0;15;16;2;7;-2.6395908624812066;24;4;3;9;6;3;5;3;12
TRACK:108;97;-1;6;6;6;2;9;2;4;4;13;6;21;-9.314255493226078
TRACK:109;99;-1;6;1;2;5;0;1;2;6;1;18;20;-7.237180029268007;2;3;4;9;0;7;8.031933635259874;25;2;2;0;2;9;7;-9.202745085939165;3;19;3;0;19;20;-7.974840870542988;2;2;4;14;6;21;-9.256413815440125;6;1;23;3.1297503637901865;25;6;5;5;5;2;11;17;4;3;5;3;6;1;12;11;4;5;2;2;6;0;4;6;8;2;9;6;13;25;6;1;6;4;3;7;-10.0;4;6;2;11;23;-4.77607034199323
EVAL_INSTANCE:5:0:100
EVAL_INSTANCE:5:1:101
EVAL_INSTANCE:5:2:102
EVAL_INSTANCE:5:3:103
EVAL_INSTANCE:5:4:104
EVAL_INSTANCE:5:5:105
EVAL_INSTANCE:5:6:106
EVAL_INSTANCE:5:7:107
EVAL_INSTANCE:5:8:108
EVAL_INSTANCE:5:9:109
RUN_RESULT:5:0:0:83:UULLDLLD
RUN_RESULT:5:1:0:2000:----
RUN_RESULT:5:2:0:941:DLUURRD
RUN_RESULT:5:3:0:133:UULLDDDRDDLUULDDLD
RUN_RESULT:5:4:0:2000:----
RUN_RESULT:5:5:0:1710:UDDLUUULLDURDRDDLLUULDDLD
RUN_RESULT:5:6:0:66:UULLDLLD
RUN_RESULT:5:7:0:941:DLUURRD
RUN_RESULT:5:8:0:2000:----
RUN_RESULT:5:9:0:2000:----
     6 |       60 | -3.955100E+03 | -3.987000E+03
TRACK:110;89;65;6;6;6;18
TRACK:111;89;65;4;6;5;3;2;2;9;22;0.3226005068928721;6;3;0;3;3;8;3;6;18
TRACK:112;7;83;4;6;5;3;2;2;6;3;6;3;9;4;3;3;4;11;6;3;6;3;9
TRACK:113;7;83;4;6;5;3;2;2;6;3;6;3;9;4;3;3;4;11;6;3;0;4;4;24;3;4;19
TRACK:114;44;44;4;6;5;21;0.6336020313837221
TRACK:115;44;44;4;6;5;3;2;2;6;3;6;3;9;4;3;3;4;11;6;3;0;4;4;9;3;6;9
TRACK:116;41;87;6;1;2;5;0;1;2;6;1;18;20;-7.2623717893439155;2;3;8;0;7;8.28629213656666;25;2;2;0;2;9;7;-9.187988210489634;3;19;3;0;19;20;-8.042537999532684;2;2;4;14;6;21;-9.338781940730621;6;1;23;3.2908038522998426;25;6;5;5;5;2;11;17;4;3;5;1;4;1;0;22;-3.235029878829554;8;11;3;2;3;18;6;18;4;5;2;2;6;0;4;6;8;2;4;9;3;8;25;6;1;6;4;3;7;-9.93891435478708;4;6;2;11;23;-4.756725626183218
TRACK:117;41;87;4;6;5;3;2;2;6;3;6;3;9;8;3;3;6;6;18
TRACK:118;89;83;6;6;6;2;9;3;4;11
TRACK:119;89;83;4;6;5;6;2;9;22;0.3226005068928721
TRACK:120;110;-1;6;6;1;1;0;16;9;3;17;2;3;11;6;14
TRACK:121;112;-1;4;6;5;3;2;2;6;3;4;5;19;4;3;3;4;11;6;3;6;3;9
TRACK:122;114;-1;4;1;2;0;4;0;6;0;21;1.2770142187650677;23;9.263867501058684;2;1;14;25;5;11;6;3;5;2;16;9;5;1;4;2;3;19;0;22;2.8057731575515117;20;-5.053636802639039;6;0;4;7;-6.42059217984706;3;14;6;2;4;6;2;4;9;2;18;22;-3.690181139184599;5;6;5;2;19;20;-8.236925604057967
TRACK:123;116;-1;6;1;2;5;0;1;2;6;1;18;0;24;15;2;3;8;0;7;8.22923384697945;25;2;2;0;2;9;7;-9.201771597090506;3;19;3;0;19;20;-8.214419867330083;2;2;4;14;6;21;-9.190608442197746;6;1;23;3.2215481576827627;25;6;5;5;5;2;11;17;4;3;5;1;4;1;0;22;-3.131732338927701;8;11;3;2;3;18;6;18;4;5;2;2;6;0;4;6;8;2;4;9;3;8;25;6;1;6;4;3;7;-9.908592006609265;4;6;2;11;23;-4.721103276446091
TRACK:124;118;-1;6;6;6;5;3;0;2;9;17;1;24;23;9.35034792103458
TRACK:125;111;-1;4;6;5;3;2;2;9;22;0.31755785509211276;6;3;0;3;3;8;3;6;19
TRACK:126;113;-1;4;6;5;3;2;2;6;3;6;3;9;4;3;3;4;11;6;3;5;9
TRACK:127;115;-1;4;6;5;3;2;2;6;3;6;3;9;4;4;6;3;13;6;3;0;4;4;9;3;6;9
TRACK:128;117;-1;4;6;5;3;2;1;23;-6.521126174224023;23;-1.8190947675579565;3;3;6;6;18
TRACK:129;119;-1;4;6;5;6;6;0;1;0;0;17;11;6;14;2;0;10;25;3;21;-4.86630014001036;5;1;2;17;15;5;17
EVAL_INSTANCE:6:0:120
EVAL_INSTANCE:6:1:121
EVAL_INSTANCE:6:2:122
EVAL_INSTANCE:6:3:123
EVAL_INSTANCE:6:4:124
EVAL_INSTANCE:6:5:125
EVAL_INSTANCE:6:6:126
EVAL_INSTANCE:6:7:127
EVAL_INSTANCE:6:8:128
EVAL_INSTANCE:6:9:129
RUN_RESULT:6:0:0:941:DLUURRD
RUN_RESULT:6:1:0:941:DLUURRD
RUN_RESULT:6:2:0:360:DLURUDLDUUULDDLRDLRRDULLD
RUN_RESULT:6:3:0:66:UULLDLLD
RUN_RESULT:6:4:0:2000:----
RUN_RESULT:6:5:0:18:DLUURRD
RUN_RESULT:6:6:0:29:DLUURRD
RUN_RESULT:6:7:0:941:DLUURRD
RUN_RESULT:6:8:0:941:DLUURRD
RUN_RESULT:6:9:0:2000:----
     7 |       70 | -3.964500E+03 | -3.987000E+03
TRACK:130;89;83;6;6;6;3;9
TRACK:131;89;83;4;6;5;3;6;6;6;2;9;22;0.3226005068928721
TRACK:132;125;126;4;6;5;3;2;2;9;22;0.31755785509211276;6;3;0;3;3;8;3;6;9
TRACK:133;125;126;4;6;0;3;3;8;3;6;19
TRACK:134;44;44;4;6;5;3;2;2;6;3;3;4;11;4;3;3;4;11;6;3;0;4;4;9;3;6;21;0.6336020313837221
TRACK:135;44;44;4;3;0;4;4;9;3;6;21;0.6336020313837221
TRACK:136;125;7;4;6;5;4;3;3;4;11
TRACK:137;125;7;4;6;5;3;2;2;6;3;8;4;3;3;4;11;6;3;0;4;4;24;3;6;18
TRACK:138;89;87;6;6;6;2;6;3;9;22;0.3226005068928721
TRACK:139;89;87;4;6;5;3;2;2;6;3;6;3;9;4;3;3;4;11;3;3;6;6;9
TRACK:140;130;-1;5;1;5;5;22;5.026453226627744;0;3;25;2;25;14
TRACK:141;132;-1;4;6;4;6;0;5;6;4;4;5;15;0;3;0;4;0;22;5.605246087668654;12;6;3;22;7.419791089015028;3;6;2;0;12;16;0;16;10
TRACK:142;134;-1;4;6;5;3;2;2;6;3;3;4;11;4;3;3;4;11;6;3;0;4;2;24;14;3;6;21;0.6655859968300437
TRACK:143;136;-1;4;3;5;0;0;22;-2.228657666458929;17;0;10;23;7.967038179234539
TRACK:144;138;-1;6;5;4;16
TRACK:145;131;-1;4;6;3;1;1;11;11;5;12
TRACK:146;133;-1;4;6;0;3;3;8;3;6;0;0;1;13;20;-6.863810605796353;1;11;8;6;3;23;6.878514719506736
TRACK:147;135;-1;4;3;0;4;4;9;3;6;3;2;1;6;11;2;17;24;0;0;17;9;6;21;6.070131393206925
TRACK:148;137;-1;4;6;5;3;2;2;6;3;8;4;3;3;20;2.2222353496931646;6;3;0;4;4;24;3;6;18
TRACK:149;139;-1;4;6;5;3;2;2;6;3;6;0;18;11;4;3;3;4;11;3;3;6;6;9
EVAL_INSTANCE:7:0:140
EVAL_INSTANCE:7:1:141
EVAL_INSTANCE:7:2:142
EVAL_INSTANCE:7:3:143
EVAL_INSTANCE:7:4:144
EVAL_INSTANCE:7:5:145
EVAL_INSTANCE:7:6:146
EVAL_INSTANCE:7:7:147
EVAL_INSTANCE:7:8:148
EVAL_INSTANCE:7:9:149
RUN_RESULT:7:0:0:2000:----
RUN_RESULT:7:1:0:941:DLUURRD
RUN_RESULT:7:2:0:86:UULLDLLD
RUN_RESULT:7:3:0:2000:----
RUN_RESULT:7:4:0:941:DLUURRD
RUN_RESULT:7:5:0:941:DLUURRD
RUN_RESULT:7:6:0:941:DLUURRD
RUN_RESULT:7:7:0:866:DLUURRD
RUN_RESULT:7:8:0:2000:----
RUN_RESULT:7:9:0:941:DLUURRD
     8 |       80 | -3.964500E+03 | -3.987000E+03
TRACK:150;87;125;4;6;5;2;9;22;0.31755785509211276
TRACK:151;87;125;4;6;5;2;2;6;3;6;3;9;4;3;3;4;11;3;3;6;6;18
TRACK:152;7;89;4;6;5;3;2;2;6;3;6;3;9;4;3;3;22;0.3226005068928721;6;3;0;4;4;24;3;6;18
TRACK:153;7;89;6;6;3;6;3;9
TRACK:154;44;83;4;6;5;3;9
TRACK:155;44;83;4;6;5;3;2;2;6;3;6;3;9;4;3;3;11;6;3;0;4;4;24;3;4;19
TRACK:156;126;87;4;6;5;3;2;2;6;3;6;3;9;4;3;3;4;11;6;3;3;6;3;9
TRACK:157;126;87;4;6;9
TRACK:158;44;89;4;6;5;3;2;2;6;3;6;3;9;4;3;3;2;9;22;0.3226005068928721;6;3;0;4;4;9;3;6;21;0.6336020313837221
TRACK:159;44;89;6;6;6;2;9;2;6;3;6;3;9;4;3;3;4;11
TRACK:160;87;-1;4;6;5;3;2;2;6;3;6;3;9;4;3;3;4;11;3;5;2;6;5;7;9.8908113943119;4;0;21;4.000633942452474;25
TRACK:161;152;-1;4;6;5;3;2;2;6;3;6;3;9;4;3;6;22;-1.8269021676060344;6;3;0;4;4;24;3;6;18
TRACK:162;154;-1;4;6;5;3;3;0;4;1;13;8;4;4;8
TRACK:163;156;-1;3;9
TRACK:164;158;-1;4;6;5;3;2;2;6;3;6;3;9;4;3;3;2;9;22;0.2865248025040664;6;3;0;0;18;8;1;16;8
TRACK:165;125;-1;4;6;5;3;2;2;9;22;0.06896288356071331;6;3;0;3;3;8;1;12;22;-4.636556946299153
TRACK:166;153;-1;6;4;5;9
TRACK:167;155;-1;4;3;0;1;3;0;2;4;4;24;3;5;18;3;4;5;11;6;5;2;0;2;21;3.490490132432086;13;3;16;4;6;14;6;3;0;0;1;1;16;10;5;24;6;5;14;6;4;3;19
TRACK:168;157;-1;4;4;0;2;1;13;24;4;15;0;6;14;5;9
TRACK:169;159;-1;6;6;6;2;9;2;6;3;6;3;9;4;3;3;4;5;12
EVAL_INSTANCE:8:0:160
EVAL_INSTANCE:8:1:161
EVAL_INSTANCE:8:2:162
EVAL_INSTANCE:8:3:163
EVAL_INSTANCE:8:4:164
EVAL_INSTANCE:8:5:165
EVAL_INSTANCE:8:6:166
EVAL_INSTANCE:8:7:167
EVAL_INSTANCE:8:8:168
EVAL_INSTANCE:8:9:169
RUN_RESULT:8:0:0:1776:UULLDLLD
RUN_RESULT:8:1:0:2000:----
RUN_RESULT:8:2:0:941:DLUURRD
RUN_RESULT:8:3:0:1587:UULLDLLD
RUN_RESULT:8:4:0:2000:----
RUN_RESULT:8:5:0:18:DLUURRD
RUN_RESULT:8:6:0:941:DLUURRD
RUN_RESULT:8:7:0:2000:----
RUN_RESULT:8:8:0:941:DLUURRD
RUN_RESULT:8:9:0:29:DLUURRD
     9 |       90 | -3.973000E+03 | -3.987000E+03
TRACK:170;89;87;6;6;11
TRACK:171;89;87;4;6;5;3;2;2;22;0.3226005068928721;4;3;3;4;11;3;3;6;6;18
TRACK:172;165;169;4;6;5;3;2;2;9;22;0.06896288356071331;6;6;3;9
TRACK:173;165;169;6;6;6;2;9;2;6;3;6;3;9;4;0;3;3;8;1;12;22;-4.636556946299153
TRACK:174;126;125;4;6;5;3;2;2;6;3;6;3;9;4;3;3;4;11;6;2;9;22;0.31755785509211276
TRACK:175;126;125;4;6;5;3;2;2;9;22;0.31755785509211276;6;3;11
TRACK:176;87;44;4;6;5;3;2;6;3;0;4;4;9;3;6;21;0.6336020313837221;3;3;6;6;18
TRACK:177;87;44;4;6;5;3;2;2;6;6;18;4;3;3;4;11;6;3;0;4;4;9;3;6;21;0.6336020313837221
TRACK:178;126;89;4;6;5;3;2;2;22;0.3226005068928721;4;3;3;4;11;6;3;5;9
TRACK:179;126;89;6;6;6;2;2;2;6;3;6;3;9;4;3;3;4;11;6;3;5;9;22;0.3226005068928721
TRACK:180;170;-1;1;3;21;-9.2805352958571;0;23;3.558830650697228;23;-8.205308696036537
TRACK:181;172;-1;4;6;5;6;4;1;8;14
TRACK:182;174;-1;4;6;5;3;2;2;6;3;3;22;-8.154500172654785;4;3;3;4;11;6;2;9;22;0.400264262836928
TRACK:183;176;-1;4;6;5;3;2;6;3;0;4;4;24;3;6;21;0.5857355346196563;3;3;6;6;18
TRACK:184;178;-1;4;6;5;3;2;2;4;3;1;21;9.903650784142947;7;8.267511251096199;4;3;3;4;11;6;3;5;9
TRACK:185;171;-1;4;6;4;5;6;2;2;4;5;5;12;3;5;3;14;3;1;0;0;12;15;1;7;0.5415988936629326;13;1;1;8;16;4;24
TRACK:186;173;-1;6;6;6;2;9;2;6;3;6;3;9;4;0;3;3;8;6;0;18;19
TRACK:187;175;-1;4;6;5;0;6;24;4;10
TRACK:188;177;-1;4;6;5;3;2;2;6;6;18;4;3;3;4;11;6;3;0;5;2;15;20;-0.3374346366507819;3;6;21;0.36789456230834433
TRACK:189;179;-1;6;6;6;2;2;2;6;2;3;21;2.038287888720774;6;7;-9.874243166386215;4;3;3;4;11;6;3;5;9;22;0.1843356480626073
EVAL_INSTANCE:9:0:180
EVAL_INSTANCE:9:1:181
EVAL_INSTANCE:9:2:182
EVAL_INSTANCE:9:3:183
EVAL_INSTANCE:9:4:184
EVAL_INSTANCE:9:5:185
EVAL_INSTANCE:9:6:186
EVAL_INSTANCE:9:7:187
EVAL_INSTANCE:9:8:188
EVAL_INSTANCE:9:9:189
RUN_RESULT:9:0:0:2000:----
RUN_RESULT:9:1:0:2000:----
RUN_RESULT:9:2:0:37:DLUURRD
RUN_RESULT:9:3:0:2000:----
RUN_RESULT:9:4:0:2000:----
RUN_RESULT:9:5:0:941:DLUURRD
RUN_RESULT:9:6:0:21:DLUURRD
RUN_RESULT:9:7:0:2000:----
RUN_RESULT:9:8:0:1448:UULLDURDDDRRDL
RUN_RESULT:9:9:0:2000:----
    10 |      100 | -3.976200E+03 | -3.987000E+03
TRACK:190;89;165;6;3;8
TRACK:191;89;165;4;6;5;3;2;2;9;22;0.06896288356071331;6;3;0;3;22;0.3226005068928721;1;12;22;-4.636556946299153
TRACK:192;83;186;4;6;5;3;2;2;6;3;6;3;9;4;9;6;3;0;4;4;24;3;4;19
TRACK:193;83;186;6;6;6;2;9;2;6;3;6;3;9;4;0;3;3;8;6;0;4;19;19
TRACK:194;125;165;4;6;3;3;8
TRACK:195;125;165;4;6;5;3;2;2;9;22;0.31755785509211276;6;3;0;3;3;8;3;6;19
TRACK:196;89;125;6;9
TRACK:197;89;125;4;6;5;3;2;2;9;22;0.31755785509211276;6;3;22;0.3226005068928721
TRACK:198;87;186;4;6;5;3;2;2;6;3;6;3;9;4;3;3;4;11;3;3;6;6;18
TRACK:199;87;186;6;6;6;2;9;2;6;3;6;18;4;0;3;3;8;6;0;18;19
TRACK:200;190;-1;2;5;0;4;2;1;2;1;25;7;4.738428746746617;6;12;2;5;25;4;20;6.972738328774803;3;4;0;13;10;3;5;5;6;3;10;6;2;4;2;1;2;2;10;20;-5.755193268021779;5;21;-0.49160311043737437;6;3;19;5;0;1;8;16;3;21;8.05655411587778;0;0;2;5;2;16;15;1;5;20;9.652985113763773;1;25;19;1;6;6;23;-9.688767600916622;2;0;7;3.5767031037225685;16;1;23;3.801358237831815;8;4;6;0;0;13;17;2;25;12
TRACK:201;83;-1;4;6;5;3;2;2;6;3;6;3;9;4;3;3;4;11;6;3;0;4;4;24;3;0;21;7.851930207841367;23;-0.08547734153301612
TRACK:202;194;-1;2;4;6;0;0;4;10;3;14;3;4;17;3;0;2;6;1;16;9;6;5;25;6;5;1;11;11
TRACK:203;89;-1;6;6;4;0;15;18
TRACK:204;198;-1;4;6;5;3;2;2;6;3;6;4;20;-3.9716884680529123;4;3;3;4;11;3;3;6;6;18
TRACK:205;191;-1;4;6;5;3;2;2;9;22;0.1179014506983828;6;3;0;3;1;19;18;1;12;22;-4.6364388880997875
TRACK:206;186;-1;6;6;6;2;9;2;6;3;5;4;2;19;9;4;0;3;3;8;6;0;18;19
TRACK:207;195;-1;4;6;5;3;2;2;9;22;0.3825933803871652;6;3;0;3;3;8;3;2;23;-4.627742737871969;11
TRACK:208;125;-1;4;6;5;3;2;2;9;6;4;11;6;3;0;3;3;8;3;6;19
TRACK:209;199;-1;6;0;2;5;6;25;6;0;23;-2.577458501701228;10;6;3;0;17;17
EVAL_INSTANCE:10:0:200
EVAL_INSTANCE:10:1:201
EVAL_INSTANCE:10:2:202
EVAL_INSTANCE:10:3:203
EVAL_INSTANCE:10:4:204
EVAL_INSTANCE:10:5:205
EVAL_INSTANCE:10:6:206
EVAL_INSTANCE:10:7:207
EVAL_INSTANCE:10:8:208
EVAL_INSTANCE:10:9:209
RUN_RESULT:10:0:0:53:UULLDLLD
RUN_RESULT:10:1:0:924:DLUURRD
RUN_RESULT:10:2:0:941:DLUURRD
RUN_RESULT:10:3:0:941:DLUURRD
RUN_RESULT:10:4:0:941:DLUURRD
RUN_RESULT:10:5:0:18:DLUURRD
RUN_RESULT:10:6:0:21:DLUURRD
RUN_RESULT:10:7:0:46:DLUURRD
RUN_RESULT:10:8:0:21:DLUURRD
RUN_RESULT:10:9:0:941:DLUURRD
    11 |      110 | -3.979100E+03 | -3.987000E+03
TRACK:210;205;89;4;6;5;3;2;6;6;6;2;9;22;0.3226005068928721;6;3;0;3;1;19;18;1;12;22;-4.6364388880997875
TRACK:211;205;89;6;6;6;2;9;1;12;22;-4.6364388880997875
TRACK:212;208;206;4;6;5;3;2;2;9;6;4;11;0;3;3;8;6;0;18;19
TRACK:213;208;206;6;6;6;2;9;2;6;3;5;4;6;19;4;0;3;3;8;6;0;18;19
TRACK:214;125;89;4;6;5;3;2;2;9;22;0.31755785509211276;6;3;22;0.3226005068928721
TRACK:215;125;89;6;6;6;3;6;19
TRACK:216;165;205;4;6;5;3;2;2;9;22;0.06896288356071331;6;3;0;3;19;1;12;22;-4.636556946299153
TRACK:217;165;205;4;6;5;3;2;2;9;0;3;3;8;1;12;22;-4.636556946299153;6;3;0;3;1;19;18;1;12;22;-4.6364388880997875
TRACK:218;126;125;4;8
TRACK:219;126;125;4;6;5;3;2;2;3;9;22;0.31755785509211276;6;3;0;3;3;8;3;6;19
TRACK:220;210;-1;4;6;5;3;4;2;5;1;3;16;6;18;4;2;4;25;5;18
TRACK:221;212;-1;4;6;5;3;2;2;9;6;4;11;0;3;3;8;0;22;-7.062808161611393;7;5.639336821185649
TRACK:222;214;-1;4;6;5;3;2;2;9;22;0.273101881804422;6;3;4;5;5;22;2.122794255058288
TRACK:223;216;-1;4;6;5;3;2;5;6;3;7;1.9826165215241804;6;3;0;3;19;1;12;22;-4.624065432694852
TRACK:224;218;-1;2;4;5;2;2;1;3;3;21;-5.842310099260208;2;5;20;3.0181350579341526;1;21;-5.7241989045684605;23;8.517452722752424;3;1;6;19;5;8;2;2;5;3;18;0;5;17;0;14;16;0;1;1;23;2.9278891307212174;11;6;22;-2.7912836472133318;6;5;17;2;4;5;6;6;1;3;21;-0.16478399802414145;2;23;-5.033522582801497;9;2;6;0;4;2;5;21;7.873156410725105;1;22;0.41387952203205103;15;3;4;0;25;7;-0.444975819678044;5;4;4;2;6;13;6;12
TRACK:225;211;-1;6;6;6;2;9;5;4;4;5;2;11;24
TRACK:226;213;-1;6;6;6;2;9;2;6;3;3;2;1;7;0.2834427668065267;7;5.463846405808781;1;17;24;4;0;3;3;8;6;0;18;19
TRACK:227;215;-1;6;2;0;6;14;2;23;-5.56976001262433;11;6;1;8;18
TRACK:228;217;-1;4;6;5;3;2;2;5;2;2;2;15;23;-9.729262890595065;6;7;4.3587691357351925;6;5;22;5.366763687328902;0;3;3;8;1;12;22;-4.782532060172203;6;3;0;3;1;19;18;1;12;22;-4.740815678691799
TRACK:229;219;-1;4;6;5;3;2;2;3;9;6;2;6;0;13;19;6;5;13;6;3;0;3;3;8;3;6;19
EVAL_INSTANCE:11:0:220
EVAL_INSTANCE:11:1:221
EVAL_INSTANCE:11:2:222
EVAL_INSTANCE:11:3:223
EVAL_INSTANCE:11:4:224
EVAL_INSTANCE:11:5:225
EVAL_INSTANCE:11:6:226
EVAL_INSTANCE:11:7:227
EVAL_INSTANCE:11:8:228
EVAL_INSTANCE:11:9:229
RUN_RESULT:11:0:0:941:DLUURRD
RUN_RESULT:11:1:0:23:DLUURRD
RUN_RESULT:11:2:0:30:DLUURRD
RUN_RESULT:11:3:0:941:DLUURRD
RUN_RESULT:11:4:0:2000:----
RUN_RESULT:11:5:0:29:DLUURRD
RUN_RESULT:11:6:0:21:DLUURRD
RUN_RESULT:11:7:0:2000:----
RUN_RESULT:11:8:0:941:DLUURRD
RUN_RESULT:11:9:0:16:DLUURRD
    12 |      120 | -3.981200E+03 | -3.987000E+03
TRACK:230;165;208;4;6;5;3;2;2;9;22;0.06896288356071331;6;3;0;3;3;8;1;12;4;11
TRACK:231;165;208;4;6;5;22;0.06896288356071331
TRACK:232;226;125;6;6;6;2;9;2;6;3;3;2;1;7;0.2834427668065267;7;5.463846405808781;1;17;24;4;0;3;3;8;6;0;18;19
TRACK:233;226;125;4;6;5;3;2;2;9;22;0.31755785509211276;6;3;0;3;3;8;3;6;17
TRACK:234;89;165;6;6;3;0;3;3;8;1;12;22;-4.636556946299153
TRACK:235;89;165;4;6;5;3;2;2;9;22;0.3226005068928721;6;3;0;3;3;8;1;12;22;-4.636556946299153
TRACK:236;229;125;4;6;5;3;2;2;3;9;6;2;6;0;13;19;6;5;13;6;19
TRACK:237;229;125;4;6;5;3;2;2;9;22;0.31755785509211276;6;3;0;3;3;8;3;6;19
TRACK:238;208;89;4;6;5;3;2;2;9;6;4;2;9;22;0.3226005068928721;6;3;0;3;3;8;3;6;19
TRACK:239;208;89;6;6;0;3;3;8;3;6;19
TRACK:240;230;-1;4;6;5;3;2;2;9;22;0.06331862250135498;6;3;0;4;5;13;1;12;4;11
TRACK:241;226;-1;6;6;6;2;9;2;6;3;3;2;1;7;0.353028587582916;7;5.423732542462486;1;12;24;4;0;3;3;8;6;0;18;19
TRACK:242;234;-1;6;6;3;0;3;3;8;2;5;1;3;4;25;3;5;17;3;6;2;3;18;2;7;8.146828326582664;10
TRACK:243;236;-1;4;6;0;5;1;0;3;4;23;2.2141818850248853;6;2;21;-7.749565199686743;10;4;3;4;11;5;0;0;6;6;9;4;0;19;23;-5.139122684025477;3;0;1;9;16;2;14;18
TRACK:244;238;-1;4;6;5;3;2;2;9;6;4;2;0;23;-7.552330000396319;17;22;0.2630268634128356;6;3;0;3;3;8;3;6;19
TRACK:245;231;-1;2;13;19
TRACK:246;125;-1;4;6;5;3;2;2;9;22;0.4043281643290574;6;3;0;5;4;12;3;6;19
TRACK:247;235;-1;4;6;5;3;2;2;9;22;0.3061872859601898;6;3;0;3;3;8;5;7;-1.445933566710238
TRACK:248;237;-1;4;6;5;3;2;2;9;22;0.40419417349959397;6;3;0;3;3;12;3;6;19
TRACK:249;239;-1;6;6;0;3;3;8;1;1;6;25;0;25;20;-1.5643776189749463;1;2;9;10;5;7;5.80941363030059
EVAL_INSTANCE:12:0:240
EVAL_INSTANCE:12:1:241
EVAL_INSTANCE:12:2:242
EVAL_INSTANCE:12:3:243
EVAL_INSTANCE:12:4:244
EVAL_INSTANCE:12:5:245
EVAL_INSTANCE:12:6:246
EVAL_INSTANCE:12:7:247
EVAL_INSTANCE:12:8:248
EVAL_INSTANCE:12:9:249
RUN_RESULT:12:0:0:2000:----
RUN_RESULT:12:1:0:21:DLUURRD
RUN_RESULT:12:2:0:2000:----
RUN_RESULT:12:3:0:29:DLUURRD
RUN_RESULT:12:4:0:21:DLUURRD
RUN_RESULT:12:5:0:927:DLUURRD
RUN_RESULT:12:6:0:15:DLUURRD
RUN_RESULT:12:7:0:2000:----
RUN_RESULT:12:8:0:15:DLUURRD
RUN_RESULT:12:9:0:1089:UUUUDLDLDURR
    13 |      130 | -3.982400E+03 | -3.987000E+03
TRACK:250;165;89;4;6;5;2;9;22;0.3226005068928721
TRACK:251;165;89;6;6;6;2;8;22;0.3226005068928721
TRACK:252;246;44;4;6;5;3;2;2;9;22;0.4043281643290574;6;3;0;5;4;12;3;6;11
TRACK:253;246;44;4;6;5;3;2;2;6;3;6;3;22;0.4043281643290574;4;3;3;4;11;6;3;0;4;4;9;3;6;21;0.6336020313837221
TRACK:254;229;246;4;6;5;3;2;2;3;9;6;2;6;0;13;19;6;5;13;6;3;0;3;3;8;3;9
TRACK:255;229;246;4;5;13
TRACK:256;248;165;4;6;5;3;2;2;9;22;0.40419417349959397;6;3;0;3;3;12;1;12;22;-4.636556946299153
TRACK:257;248;165;4;6;5;3;2;2;9;22;0.06896288356071331;6;3;3;6;19
TRACK:258;229;89;4;6;5;3;2;2;3;9;22;0.3226005068928721;6;3;0;3;3;8;3;6;19
TRACK:259;229;89;6;0;13;19
TRACK:260;250;-1;4;6;6;5;1;7;1.4313817947663452;22;-0.8426281682312577
TRACK:261;252;-1;4;6;4;6;0;11;8
TRACK:262;254;-1;4;6;5;3;2;2;3;9;6;2;6;4;12;6;5;13;6;3;0;3;3;8;3;9
TRACK:263;248;-1;4;6;5;3;2;2;9;22;0.3762086567925683;6;3;0;3;4;17;3;6;19
TRACK:264;258;-1;4;6;5;3;2;4;1;3;3;2;20;9.232040861141044;8;4;5;5;17;6;3;0;3;3;8;3;6;19
TRACK:265;251;-1;6;6;6;2;0;2;23;-5.740793270710713;20;0.0403640784587207;6;8;22;0.29635453033324766
TRACK:266;253;-1;4;6;5;0;5;3;2;1;4;25;4;17;6;2;21;5.035645663918405;12;1;5;4;6;2;21;2.2414067284167256;21;-8.935226882932428;4;1;2;4;10;0;18;11;1;0;11;14;2;25;19
TRACK:267;255;-1;3;3;1;6;6;17;3;0;19;21;-1.5511896193081398
TRACK:268;165;-1;4;6;5;3;6;2;11;23;0.4634912408948093
TRACK:269;259;-1;5;2;1;5;1;6;16;2;14;20;4.605940947726584;3;4;6;9;6;1;4;3;10;4;6;20;1.1809947321223273
EVAL_INSTANCE:13:0:260
EVAL_INSTANCE:13:1:261
EVAL_INSTANCE:13:2:262
EVAL_INSTANCE:13:3:263
EVAL_INSTANCE:13:4:264
EVAL_INSTANCE:13:5:265
EVAL_INSTANCE:13:6:266
EVAL_INSTANCE:13:7:267
EVAL_INSTANCE:13:8:268
EVAL_INSTANCE:13:9:269
RUN_RESULT:13:0:0:2000:----
RUN_RESULT:13:1:0:941:DLUURRD
RUN_RESULT:13:2:0:83:UULLDLLD
RUN_RESULT:13:3:0:18:DLUURRD
RUN_RESULT:13:4:0:941:DLUURRD
RUN_RESULT:13:5:0:2000:----
RUN_RESULT:13:6:0:2000:----
RUN_RESULT:13:7:0:941:DLUURRD
RUN_RESULT:13:8:0:941:DLUURRD
RUN_RESULT:13:9:0:941:DLUURRD
    14 |      140 | -3.982700E+03 | -3.987000E+03
TRACK:270;263;248;4;6;5;3;2;2;9;22;0.3762086567925683;6;3;0;3;4;17;3;19
TRACK:271;263;248;4;6;5;3;2;2;9;22;0.40419417349959397;6;3;0;3;3;12;3;6;19
TRACK:272;89;125;6;0;3;3;8;3;6;19
TRACK:273;89;125;4;6;5;3;2;2;2;9;22;0.3226005068928721;22;0.31755785509211276;6;3;0;3;3;8;3;6;19
TRACK:274;246;246;4;6;5;3;2;2;9;22;0.4043281643290574;6;3;0;5;4;9;3;6;19
TRACK:275;246;246;4;6;5;3;2;2;9;22;0.4043281643290574;6;3;0;5;4;12;3;12
TRACK:276;263;205;4;6;5;3;2;2;9;22;0.3762086567925683;6;3;0;3;4;17;3;6;19
TRACK:277;263;205;4;6;5;3;2;2;9;22;0.1179014506983828;6;3;0;3;1;19;18;1;6;19;22;-4.6364388880997875
TRACK:278;248;89;4;6;5;3;6;6;2;9;22;0.3226005068928721
TRACK:279;248;89;6;6;6;3;0;3;3;12;3;6;19
TRACK:280;270;-1;4;6;5;3;2;2;9;22;0.33475365301818616;6;3;0;3;0;20;-5.55646735236701;16;3;19
TRACK:281;272;-1;6;2;3;2;17;10;2;4;19;6;15
TRACK:282;274;-1;2;3;1;0;5;1;2;4;10;6;11;4;5;11;0;5;3;3;13;4;5;0;25;20;-0.27924459113974187;3;6;0;3;6;12;2;4;11;5;20;-2.355318436114926;5;1;2;5;4;5;5;15;5;1;3;6;25;4;1;13;17;2;0;5;6;4;18;6;2;6;20;-5.76899110035275;4;17;3;6;5;2;18;24
TRACK:283;276;-1;4;6;5;3;2;2;9;22;0.2917590320211244;2;3;5;3;4;7;5.955314337944767;0;5;1;6;22;-3.674890588121782;6;11;2;1;4;16;1;17;7;3.9696883781451078;1;2;13;24;6;8
TRACK:284;278;-1;4;5;2;0;6;5;0;3;18;4;10;4;6;0;4;19;1;17;10;1;6;4;6;3;15;4;2;4;4;20;-5.341262907385955;4;3;8
TRACK:285;271;-1;4;0;3;6;3;6;22;-5.8359050670655455;2;0;4;4;17;2;2;20;2.255802679672529;18;6;13;0;6;2;9;16;0;0;9;12;6;13
TRACK:286;273;-1;4;6;5;3;2;2;2;9;22;0.11357712341909751;22;0.2164187358634178;6;3;0;3;3;8;3;0;21;9.595303223843125;24
TRACK:287;275;-1;4;6;5;3;2;2;9;22;0.37072802412740724;6;3;6;2;25;24
TRACK:288;277;-1;4;6;5;3;2;2;9;22;0.15813848778902045;6;5;6;3;8
TRACK:289;279;-1;6;6;6;3;0;3;3;2;6;5;14;3;6;22;4.572156552240656;3;6;19
EVAL_INSTANCE:14:0:280
EVAL_INSTANCE:14:1:281
EVAL_INSTANCE:14:2:282
EVAL_INSTANCE:14:3:283
EVAL_INSTANCE:14:4:284
EVAL_INSTANCE:14:5:285
EVAL_INSTANCE:14:6:286
EVAL_INSTANCE:14:7:287
EVAL_INSTANCE:14:8:288
EVAL_INSTANCE:14:9:289
RUN_RESULT:14:0:0:23:DLUURRD
RUN_RESULT:14:1:0:941:DLUURRD
RUN_RESULT:14:2:0:2000:----
RUN_RESULT:14:3:0:2000:----
RUN_RESULT:14:4:0:941:DLUURRD
RUN_RESULT:14:5:0:2000:----
RUN_RESULT:14:6:0:2000:----
RUN_RESULT:14:7:0:22:DLUURRD
RUN_RESULT:14:8:0:18:DLUURRD
RUN_RESULT:14:9:0:2000:----
    15 |      150 | -3.983000E+03 | -3.987000E+03
TRACK:290;288;248;4;3;0;3;3;12;3;6;19
TRACK:291;288;248;4;6;5;5;3;2;2;9;22;0.15813848778902045;6;5;6;3;8
TRACK:292;89;246;6;6;6;2;9;22;0.4043281643290574
TRACK:293;89;246;4;6;6;6;2;9;22;0.3226005068928721
TRACK:294;263;288;4;6;5;3;2;2;9;22;0.3762086567925683;6;3;0;3;4;22;0.15813848778902045;3;6;19
TRACK:295;263;288;4;6;5;17
TRACK:296;248;125;4;6;5;3;2;2;9;22;0.40419417349959397;6;3;0;3;3;12;8
TRACK:297;248;125;4;6;5;3;2;2;9;22;0.31755785509211276;3;0;3;3;12;3;6;19
TRACK:298;89;246;6;6;6;2;9;3;0;5;4;12;3;6;19
TRACK:299;89;246;4;6;5;3;2;9;6;3;0;5;4;12;3;6;19
TRACK:300;288;-1;4;6;5;3;2;2;9;22;0.03505759439215761;6;5;6;3;2;19;16
TRACK:301;292;-1;6;6;6;2;9;2;2;13;8;1;18;10
TRACK:302;294;-1;4;6;5;3;2;2;9;22;0.07853098078520454;6;3;0;5;11;3;6;19
TRACK:303;296;-1;4;6;5;3;2;2;9;6;4;18;6;3;0;3;3;12;8
TRACK:304;298;-1;6;0;5;1;2;2;10;18;6;16;6;3;10;1;4;5;2;10;24;5;2;2;24;25;5;21;-1.5523940229458013
TRACK:305;248;-1;4;6;5;3;2;2;9;22;0.3490475838994673;6;3;4;1;3;10;2;16;17
TRACK:306;293;-1;4;4;1;5;6;5;0;18;24;4;3;4;0;12;20;4.1308486013394425
TRACK:307;295;-1;2;3;3;1;13;11;1;5;5;10;2;4;18;6;9
TRACK:308;297;-1;4;3;4;3;0;0;17;24;2;9;21;-2.811307978650513
TRACK:309;299;-1;4;6;5;3;2;9;6;3;0;5;4;12;4;1;15;19
EVAL_INSTANCE:15:0:300
EVAL_INSTANCE:15:1:301
EVAL_INSTANCE:15:2:302
EVAL_INSTANCE:15:3:303
EVAL_INSTANCE:15:4:304
EVAL_INSTANCE:15:5:305
EVAL_INSTANCE:15:6:306
EVAL_INSTANCE:15:7:307
EVAL_INSTANCE:15:8:308
EVAL_INSTANCE:15:9:309
RUN_RESULT:15:0:0:18:DLUURRD
RUN_RESULT:15:1:0:16:DLUURRD
RUN_RESULT:15:2:0:18:DLUURRD
RUN_RESULT:15:3:0:21:DLUURRD
RUN_RESULT:15:4:0:2000:----
RUN_RESULT:15:5:0:18:DLUURRD
RUN_RESULT:15:6:0:941:DLUURRD
RUN_RESULT:15:7:0:29:DLUURRD
RUN_RESULT:15:8:0:2000:----
RUN_RESULT:15:9:0:29:DLUURRD
    16 |      160 | -3.983500E+03 | -3.987000E+03
TRACK:310;125;301;4;6;5;3;2;2;9;10;6;3;0;3;3;8;3;6;19
TRACK:311;125;301;6;6;6;8
TRACK:312;89;246;6;6;6;12
TRACK:313;89;246;4;6;5;3;2;2;9;22;0.4043281643290574;6;3;0;5;4;12;3;22;0.3226005068928721
TRACK:314;248;165;4;6;5;3;2;2;9;22;0.40419417349959397;6;3;0;3;3;12;3;12
TRACK:315;248;165;4;6;5;3;12
TRACK:316;248;246;4;6;5;3;2;19;6;3;0;3;3;12;3;6;19
TRACK:317;248;246;4;6;5;19
TRACK:318;229;89;4;6;5;3;2;2;6;2;9;22;0.3226005068928721;6;2;6;0;13;19;6;5;13;6;3;0;3;3;8;3;6;19
TRACK:319;229;89;6;8
TRACK:320;310;-1;4;0;3;17;5;19
TRACK:321;312;-1;4;3;5;10
TRACK:322;314;-1;4;6;5;3;2;2;9;22;0.26146063365603156;6;3;0;6;20;-3.7379791190953675;3;12
TRACK:323;316;-1;4;6;5;3;2;19;6;5;0;15;10
TRACK:324;318;-1;4;6;5;3;2;2;3;1;2;7;-3.1833550311959113;8;6;15;1;5;1;11;14;5;0;14;20;-4.688313382387257;6;3;0;3;3;8;3;6;19
TRACK:325;311;-1;6;6;1;2;10;17;4;12
TRACK:326;313;-1;4;6;5;3;2;2;1;4;25;6;22;-7.555681538152921;22;0.3601423826878655;6;3;0;5;4;12;3;22;0.3594446541901049
TRACK:327;315;-1;4;5;6;4;0;0;0;0;0;4;24;2;19;13;1;3;17;3;11;6;1;1;24;8;5;22;1.6264793267857485;0;3;3;2;25;19;4;4;0;19;23;-6.997705879473597;1;3;4;2;6;12;2;13;17;6;0;1;6;12;6;19;0;1;8;8;5;19
TRACK:328;317;-1;5;0;6;2;5;3;5;3;5;24;5;1;0;1;0;25;15;2;14;16;2;6;20;-5.983271197043399;0;25;11;6;3;0;14;17;4;3;4;3;4;1;6;25;1;18;17
TRACK:329;319;-1;6;1;2;23;7.824722788376526;25;2;14;20;1.3951108574232567
EVAL_INSTANCE:16:0:320
EVAL_INSTANCE:16:1:321
EVAL_INSTANCE:16:2:322
EVAL_INSTANCE:16:3:323
EVAL_INSTANCE:16:4:324
EVAL_INSTANCE:16:5:325
EVAL_INSTANCE:16:6:326
EVAL_INSTANCE:16:7:327
EVAL_INSTANCE:16:8:328
EVAL_INSTANCE:16:9:329
RUN_RESULT:16:0:0:941:DLUURRD
RUN_RESULT:16:1:0:941:DLUURRD
RUN_RESULT:16:2:0:2000:----
RUN_RESULT:16:3:0:941:DLUURRD
RUN_RESULT:16:4:0:941:DLUURRD
RUN_RESULT:16:5:0:941:DLUURRD
RUN_RESULT:16:6:0:630:DLUURRD
RUN_RESULT:16:7:0:941:DLUURRD
RUN_RESULT:16:8:0:2000:----
RUN_RESULT:16:9:0:940:DLUURRD
    17 |      170 | -3.983500E+03 | -3.987000E+03
TRACK:330;89;246;6;6;6;19
TRACK:331;89;246;4;2;9;22;0.3226005068928721
TRACK:332;301;248;6;6;6;2;9;2;2;13;8;0;3;3;12;3;6;19
TRACK:333;301;248;4;6;5;3;2;2;2;13;8;1;18;10;6;3;0;3;3;12;3;6;19
TRACK:334;165;89;4;6;5;3;2;2;9;22;0.06896288356071331;6;3;0;3;22;0.3226005068928721;1;12;22;-4.636556946299153
TRACK:335;165;89;6;6;6;2;9;3;0;3;3;8;1;12;22;-4.636556946299153
TRACK:336;165;301;4;6;5;3;2;2;9;22;0.06896288356071331;6;3;0;3;3;13;1;12;22;-4.636556946299153
TRACK:337;165;301;6;6;6;2;9;2;2;13;8;3;3;8
TRACK:338;248;246;4;6;5;3;2;2;9;9;6;3;0;3;3;12;3;6;19
TRACK:339;248;246;4;6;5;6;19
TRACK:340;330;-1;6;6;6;1;5;5;4;12;0;3;2;15;17;2;3;17;4;21;5.475196327395599
TRACK:341;301;-1;6;6;6;2;9;2;2;13;8;1;4;3;0;8;10;10
TRACK:342;334;-1;4;6;5;3;2;2;2;1;5;19;1;14;7;-7.196777624581701;3;5;21;-7.411893563037182;22;-0.08349305339796648;6;3;0;3;22;0.19462419966085226;1;12;22;-4.713181708508673
TRACK:343;336;-1;4;6;5;3;2;3;19;0;20;-7.955836353675618;11
TRACK:344;338;-1;4;6;5;3;2;2;9;9;6;3;0;6;8;3;6;19
TRACK:345;331;-1;3;6;0;4;1;5;0;6;5;2;10;8;4;6;3;18;4;6;5;2;0;23;8.496961038567292;17;1;18;23;3.819200784949782;2;6;5;5;1;1;2;19;11;6;19;1;3;8;0;9;9;6;1;5;4;4;1;15;16;5;2;1;1;17;14;2;16;25;4;2;8;10
TRACK:346;248;-1;4;6;5;3;2;2;2;2;2;25;23;-0.6981710851225227;5;8;3;4;7;-4.790546604352503;22;0.5842168186887269;6;3;0;3;3;12;3;6;19
TRACK:347;335;-1;6;6;6;2;9;3;0;3;3;8;2;4;2;1;12;13;2;14;12;4;0;1;18;12;3;8
TRACK:348;337;-1;6;6;4;0;5;2;0;20;0.7560605848087327;15;5;14;2;4;6;25;3;4;25
TRACK:349;339;-1;4;15
EVAL_INSTANCE:17:0:340
EVAL_INSTANCE:17:1:341
EVAL_INSTANCE:17:2:342
EVAL_INSTANCE:17:3:343
EVAL_INSTANCE:17:4:344
EVAL_INSTANCE:17:5:345
EVAL_INSTANCE:17:6:346
EVAL_INSTANCE:17:7:347
EVAL_INSTANCE:17:8:348
EVAL_INSTANCE:17:9:349
RUN_RESULT:17:0:0:941:DLUURRD
RUN_RESULT:17:1:0:16:DLUURRD
RUN_RESULT:17:2:0:908:DLUURRD
RUN_RESULT:17:3:0:941:DLUURRD
RUN_RESULT:17:4:0:2000:----
RUN_RESULT:17:5:0:941:DLUURRD
RUN_RESULT:17:6:0:880:DLUURRD
RUN_RESULT:17:7:0:21:DLUURRD
RUN_RESULT:17:8:0:940:DLUURRD
RUN_RESULT:17:9:0:941:DLUURRD
    18 |      180 | -3.983700E+03 | -3.987000E+03
TRACK:350;246;301;4;6;5;3;2;2;9;22;0.4043281643290574;6;3;13
TRACK:351;246;301;6;6;9
TRACK:352;229;89;4;6;5;3;2;2;3;9;6;2;6;0;13;19;6;5;13;6;3;6;6;2;9;22;0.3226005068928721
TRACK:353;229;89;6;6;13
TRACK:354;341;89;6;6;6;2;9;2;2;6;6;2;9;22;0.3226005068928721;8;1;4;3;0;8;10;10
TRACK:355;341;89;6;6;6;2;2;9;2;2;13;8;1;4;3;0;8;10;10;22;0.3226005068928721
TRACK:356;301;246;6;6;6;2;6;3;0;5;4;12;3;6;19;2;2;13;8;1;18;10
TRACK:357;301;246;4;6;5;3;2;2;9;22;0.4043281643290574;6;18
TRACK:358;165;248;4;6;5;3;2;2;9;22;0.06896288356071331;3;0;3;3;12;3;6;19
TRACK:359;165;248;4;6;5;3;2;2;9;22;0.40419417349959397;6;3;1;12;22;-4.636556946299153
TRACK:360;350;-1;0;3;3;1;1;11;14;0;13;19;6;1;6;0;13;20;-3.789863436327739;6;0;23;3.758152771433865;25
TRACK:361;352;-1;4;6;5;3;2;2;3;9;6;2;6;0;13;19;2;3;19;1;17;7;4.985448349145942;6;3;6;6;2;9;22;0.4139309418799197
TRACK:362;354;-1;6;6;6;2;9;2;2;6;6;4;19;8;1;4;3;0;8;10;10
TRACK:363;356;-1;6;6;6;2;6;3;0;5;4;12;3;6;0;18;19;2;2;13;8;1;18;10
TRACK:364;358;-1;4;6;5;0;0;17;10;6;19
TRACK:365;351;-1;6;2;0;6;2;3;2;4;3;22;6.370983026726808;4;3;13;5;1;5;2;10;8;1;6;9;3;21;-3.6896496476650835;0;0;6;3;0;5;10;6;11;4;6;5;2;12;15;0;0;2;5;2;18;20;-4.356045213114741;6;6;25;4;3;2;19;8;6;4;3;0;11;7;-7.939871515198929;0;2;1;5;3;0;0;15;22;9.910095468849502;0;15;21;-5.0235602952020635;0;0;1;6;25;4;24;0;0;17;20;3.2222087072104717;2;18;19;1;3;5;18;3;2;18;9;0;6;6;5;4;9;3;2;1;3;12;6;7;-3.882768120615065;2;1;8;21;-8.936749754810403;5;12;0;1;0;4;0;2;16;12;1;14;25;1;3;1;23;8.346895611697295;19;0;0;8;15;3;9;3;1;6;6;7;-5.44720881527748;0;5;14;6;13;1;1;2;5;2;8;10;6;0;20;-3.6807824263395954;22;-3.219733039284696;5;2;4;13;5;8;3;3;4;4;18
TRACK:366;353;-1;3;1;1;6;1;6;13;6;18;1;2;0;18;9;1;15;13;3;5;8;4;2;2;0;7;-2.1182467895581736;25;3;14;2;5;19;6;17
TRACK:367;355;-1;6;6;1;6;16;0;11;12
TRACK:368;357;-1;4;6;4;3;3;0;17;24
TRACK:369;359;-1;4;6;6;0;10;10
EVAL_INSTANCE:18:0:360
EVAL_INSTANCE:18:1:361
EVAL_INSTANCE:18:2:362
EVAL_INSTANCE:18:3:363
EVAL_INSTANCE:18:4:364
EVAL_INSTANCE:18:5:365
EVAL_INSTANCE:18:6:366
EVAL_INSTANCE:18:7:367
EVAL_INSTANCE:18:8:368
EVAL_INSTANCE:18:9:369
RUN_RESULT:18:0:0:2000:----
RUN_RESULT:18:1:0:2000:----
RUN_RESULT:18:2:0:21:DLUURRD
RUN_RESULT:18:3:0:85:UULLDLLD
RUN_RESULT:18:4:0:941:DLUURRD
RUN_RESULT:18:5:0:2000:----
RUN_RESULT:18:6:0:941:DLUURRD
RUN_RESULT:18:7:0:941:DLUURRD
RUN_RESULT:18:8:0:941:DLUURRD
RUN_RESULT:18:9:0:941:DLUURRD
    19 |      190 | -3.983700E+03 | -3.987000E+03
TRACK:370;89;125;6;6;6;3;3;8
TRACK:371;89;125;4;6;5;3;2;2;9;22;0.31755785509211276;6;3;0;3;3;8;3;6;9
TRACK:372;248;229;4;6;5;3;2;2;9;22;0.40419417349959397;6;3;0;3;3;19;3;6;19
TRACK:373;248;229;4;6;5;3;2;2;3;9;6;2;6;0;13;19;6;5;13;6;3;0;3;3;9;3;6;19
TRACK:374;341;301;6;6;6;2;9;2;2;13;8;1;10;10
TRACK:375;341;301;6;6;6;2;9;2;2;13;8;1;2;13;8;10
TRACK:376;89;205;6;6;6;2;9;12
TRACK:377;89;205;4;6;5;3;2;2;9;22;0.1179014506983828;6;3;9
TRACK:378;229;248;4;6;5;3;2;2;3;9;6;2;6;0;13;19;6;5;13;6;3;0;3;3;22;0.40419417349959397;3;6;19
TRACK:379;229;248;4;6;5;3;2;2;9;22;0.40419417349959397;6;3;0;3;3;12;3;6;9
TRACK:380;370;-1;6;6;6;3;3;5;2;0;0;11;9;1;10;13;1;2;9;25;1;23;3.5960799427219463;23;2.662351057060759
TRACK:381;248;-1;4;6;5;3;2;2;9;22;0.5409670368000041;6;3;0;3;3;12;3;4;16
TRACK:382;374;-1;6;6;0;1;5;5;0;4;2;5;13;1;8;25;4;6;2;19;11;6;2;0;2;6;3;22;2.5900999926121155;5;1;15;13;3;6;3;17;5;3;6;3;19;1;2;6;0;0;4;6;8;5;6;8;4;2;3;18;1;18;17;1;3;1;0;3;18;2;18;9;1;3;19;6;20;-2.158278472926969;2;1;4;5;12;3;4;11;4;3;5;7;-2.323253743866049;1;2;3;6;2;2;23;1.1401890629737554;10;4;8;6;2;5;4;9;4;2;15;24;2;6;0;0;5;15;0;23;-1.5466978598537509;12;5;3;25;0;2;0;6;25;5;20;-5.779276900380356;6;2;15;23;-1.0632151047469751;0;5;5;11;4;1;22;2.1314055171678703;14
TRACK:383;376;-1;6;6;5;0;1;6;1;24;11;2;1;14;15;6;12;1;4;2;17;19;3;6;22;0.9939581177173871
TRACK:384;378;-1;4;6;5;0;4;5;5;6;4;15;3;6;0;2;1;15;7;5.12248967468148;5;24;1;0;25;15;3;8
TRACK:385;371;-1;4;6;5;3;2;5;6;3;0;18;10;6;3;0;3;3;8;3;6;9
TRACK:386;229;-1;4;6;5;3;2;2;7;-8.367761741035526;13;6;3;0;3;3;8;3;6;19
TRACK:387;375;-1;6;6;6;2;2;6;6;6;1;13;9;1;2;1;5;10;3;15;1;4;10;3;24;2;0;3;14;5;25;0;2;19;23;-7.20761379534796;3;21;3.1626277479675853;2;2;13;8;1;2;13;8;10
TRACK:388;377;-1;4;6;5;3;2;6;2;3;5;7;-7.739000501987798;2;1;13;12;4;7;3.7500412480926144;6;3;9
TRACK:389;379;-1;4;6;5;3;2;2;9;22;0.4138144593763323;6;3;0;3;3;12;3;6;13
EVAL_INSTANCE:19:0:380
EVAL_INSTANCE:19:1:381
EVAL_INSTANCE:19:2:382
EVAL_INSTANCE:19:3:383
EVAL_INSTANCE:19:4:384
EVAL_INSTANCE:19:5:385
EVAL_INSTANCE:19:6:386
EVAL_INSTANCE:19:7:387
EVAL_INSTANCE:19:8:388
EVAL_INSTANCE:19:9:389
RUN_RESULT:19:0:0:2000:----
RUN_RESULT:19:1:0:15:DLUURRD
RUN_RESULT:19:2:0:2000:----
RUN_RESULT:19:3:0:941:DLUURRD
RUN_RESULT:19:4:0:941:DLUURRD
RUN_RESULT:19:5:0:886:DLUURRD
RUN_RESULT:19:6:0:2000:----
RUN_RESULT:19:7:0:2000:----
RUN_RESULT:19:8:0:886:DLUURRD
RUN_RESULT:19:9:0:15:DLUURRD
    20 |      200 | -3.984300E+03 | -3.987000E+03
TRAINING ON LEVEL:61
of 184 levels
---LEVEL STRING---
_________
_.....B8_
_......._
_...R..._
_..o1..._
_......._
_....B.._
_......._
_....rs._
_..1SF.._
_fB31s.._
_F112o.._
_......._
_________
---LEVEL STRING---
training done.
The time of execution is: 174.0700273513794 s

TRAINING DONE


-----!!!NEW PROBLEM!!!-----


START TESTING

LEVEL:0:______\n_K.2._\n_kSF._\n_bB1._\n_..fR_\n_1..._\n_3.r._\n_251O_\n_s.31_\n_o..2_\n______
LEVEL:1:________\n_......_\n_......_\n_.Sb.s._\n_.1..s._\n_.4b..1_\n_B12..3_\n_......_\n________
LEVEL:2:____________\n_.........._\n_.r....f..._\n_.....bssss_\n_.R.......F_\n_B1..f..b.1_\n_AO........_\n_.rssssssss_\n_.........F_\n_ss...R...1_\n_....B12W.3_\n_oS14...1.._\n____________
LEVEL:3:__________\n_F13....G_\n_..R15a.1_\n_.......0_\n_a.A.b.a._\n_....a..._\n_B....ggg_\n_1.a.ag.a_\n_2....g.f_\n__________
LEVEL:4:__________\n_.....B12_\n_.W......_\n_.1wwwww._\n_.6wf..w._\n_..w..kw._\n_F.wwwww._\n_1......._\n_3...bK17_\n__________
LEVEL:5:_________\n_....B18_\n_......._\n_...R..._\n_...1..._\n_...3..._\n_......._\n_....B12_\n_......._\n_.b..R.._\n_....1.._\n_r...9.._\n_......._\n_________
LEVEL:6:____________\n_G13wwwwK14_\n_w.o.okofow_\n_wo.o.o.o.w_\n_wko.o.o.ow_\n_wggggggggw_\n_w.o.o.o.ow_\n_wo.o.o.okw_\n_w.o.o.o.ow_\n_wo.obo.o.w_\n_K17wwwwB12_\n____________
LEVEL:7:____________\n_F13wwwwK14_\n_w.o.okofow_\n_wo.oko.o.w_\n_wko.o.o.ow_\n_wo.o.o.okw_\n_wko.o.o.ow_\n_wo.o.o.okw_\n_wko.o.o.ow_\n_wo.obo.o.w_\n_K17wwwwB12_\n____________
LEVEL:8:__________\n_B12....F_\n_1......1_\n_9lllL.f3_\n_..rl1..._\n_...l8..._\n_...lllll_\n_.br....._\n_....R15._\n__________
LEVEL:9:___________\n_rg9SkofVr_\n_GF.6WOV0A_\n_Fw0.3o6AB_\n_A5W..5A2l_\n_.WO5KlF.1_\n_441934sR2_\n_vF38vVb.k_\n_W4bAS.K1K_\n_kO9.W..21_\n_0Ba4o3.L2_\n_w9G.SG99v_\n_g9Br5Kkbk_\n_.l7RRG6r3_\n_LFffV..Gv_\n_ga8.ro1wr_\n_VWV7R..3._\n___________
LEVEL:10:__________\n_........_\n_....V12._\n_........_\n_...v...._\n_F.v.v..._\n_1..v...._\n_3......._\n_....f..._\n__________
LEVEL:11:__________\n_b....Vwv_\n_.....1ww_\n_.....3.._\n_........_\n_........_\n_.....BW._\n_.....11._\n_.....26._\n__________
LEVEL:12:__________\n_...K..3._\n_.f.k...._\n_kkkk...._\n_...kgkkk_\n_........_\n_G10...b._\n_.....B12_\n_K14..F13_\n__________
LEVEL:13:__________\n_..Bwwlll_\n_b.1wwlll_\n_..2wwlll_\n_...wwlll_\n_...wwlll_\n_W16....._\n_....F13._\n_s...wwwf_\n__________
LEVEL:14:__________\n_G10gl.f._\n_.aagl.l._\n_.R.gg.ll_\n_.b..gggl_\n_...a...a_\n_..r....5_\n_B12.1..._\n_F13a.L16_\n__________
LEVEL:15:__________\n_bW12..Fr_\n_........_\n_w.w.w..S_\n_.s...s.1_\n_..w.www4_\n_B.3s1..._\n_1.w.w..._\n_2.....Rf_\n__________
LEVEL:16:__________\n_bW12..Fr_\n_........_\n_w.w.w..S_\n_.s...s.1_\n_..w.www4_\n_B.3s1..S_\n_1.w.w..._\n_2.....Rf_\n__________
LEVEL:17:__________\n_.f......_\n_.......3_\n_kkkkgkkk_\n_...g.g.._\n_K14k.k.._\n_...k.kkk_\n_B12k..b._\n_F13....._\n__________
LEVEL:18:____________________\n_B.S14.O16.R15.B12._\n_1.F13.G16.V17....._\n_.Sv..............._\n_Rggggggggggggggggg_\n_1ggggggggggggggggg_\n_.F......gggggggggg_\n_ooo.......gggggggg_\n_wwwoo.......gggggg_\n_wwwwwoo.......gggg_\n_wwwwwwwoo..r......_\n_wwwwwwwwwoo.b....._\n_wwwwwwwwwwwooaaaaa_\n____________________
LEVEL:19:_________________\n_F13w.f.w.a...rw_\n_.a.wa...b.a.a.w_\n_wwrwwwww..wwwww_\n_...a...a....a.._\n_wwwwww.wwwwwwww_\n_.a.........ar.._\n_www.wwwwwwwwwww_\n_.a...a......ba._\n_..b......a....._\n_wwwwwwwwww.war._\n_k...a.....awwww_\n_wwwwwwwwwwwwB14_\n_R16wW16wK12wB17_\n_________________
LEVEL:20:__________\n_...s.V12_\n_v..s...._\n_..sssfss_\n_..s..s.._\n_F..s..s._\n_1.....s._\n_3..S14.._\n_........_\n__________
LEVEL:21:____________________\n_.Laallgg.......BG._\n_.1aallgg.......11._\n_.8aallgg.......90._\n_..aallgg.........._\n_..9allgg.......v.._\n_..aallgg.......V.._\n_b.2allgg.......1.._\n_llllllgg.......3.._\n_llllllgg.........._\n_gggggggg.........._\n_gggggggg.......B12_\n____________________
LEVEL:22:__________\n_........_\n_...b...._\n_........_\n_F......._\n_1.B.f..._\n_3.1....._\n_..2....._\n_........_\n__________
LEVEL:23:__________\n_........_\n_B...b..._\n_1......._\n_2......._\n_........_\n_..3...f._\n_F1....f._\n_........_\n__________
LEVEL:24:__________\n_S13....._\n_.......f_\n_...r...3_\n_........_\n_........_\n_F14..R12_\n_........_\n_......s._\n__________
LEVEL:25:_________________\n_....gg.....l..._\n_....gg.....l..._\n_....gg.....l..._\n_.b..gg.....l..._\n_....gg.....l..._\n_....gg.....l..._\n_....gg.....l..._\n_....gg.B12.l..f_\n_....gg.....l..._\n_K...gg.....l..._\n_B12.gg..k..l..._\n_....gg.....l..._\n_....gg.....l..._\n_....gg.G10.l..._\n_....gg.....l..._\n_....gg.....lF13_\n_....gg.....l..._\n_....gg.....lL14_\n_________________
LEVEL:26:__________\n_.ssss.s._\n_..ss.fv._\n_...as.v._\n_.F12.A.._\n_.....1.._\n_.....3.._\n_.ggg...._\n_.s......_\n__________
LEVEL:27:__________\n_glF13S12_\n_gksgggVV_\n_ggrrrrV2_\n_vggkgkVr_\n_vvgvvvVr_\n_vvvvvlVl_\n_vvvvvlVl_\n_vvvvl.fl_\n__________
LEVEL:28:__________\n_B12..VGF_\n_S.....1._\n_1.b.s35f_\n_4...sss._\n_........_\n_gggggggg_\n_...vv..._\n_........_\n__________
LEVEL:29:__________\n_V.2a..12_\n_B12avF.._\n_bv.a...._\n_aaaaaaaa_\n_...a...._\n_..2a.A.._\n_A16a1..._\n_.1.a2f3._\n__________
LEVEL:30:__________\n_K17....._\n_......O._\n_k.vwww.._\n_...wow.k_\n_...www.._\n_KV..W16._\n_11.O1.3._\n_42..k..._\n__________
LEVEL:31:___________________\n_B12w...ag...wG10._\n_wwww...gg...wW16._\n_..13...ga...wwwww_\n_.V15..agga......._\n_.R...araga.a....._\n_.....a.ggaaa....._\n_ggggggggaaaav...._\n_.v....agga......._\n_....b..aga......._\n_......agga......._\n___________________
LEVEL:32:__________\n_b.....f._\n_.....V12_\n_........_\n_F13....._\n_........_\n_........_\n_....v..._\n_........_\n__________
LEVEL:33:__________\n_........_\n_...bV12._\n_........_\n_........_\n_.B13...._\n_........_\n_........_\n_...vv..._\n__________
LEVEL:34:__________\n_...V13.._\n_v......._\n_........_\n_......b._\n_....B12._\n_........_\n_..V15..._\n_........_\n__________
LEVEL:35:__________\n_..F1.3.._\n_llllllll_\n_..L14..._\n_........_\n_........_\n_........_\n_........_\n_bB12...f_\n__________
LEVEL:36:__________\n_B12.F13._\n_........_\n_...sss.._\n_.b.sfs.._\n_...s...._\n_...s...._\n_........_\n_........_\n__________
LEVEL:37:__________\n_s..S..a._\n_k.o....l_\n_.g....b._\n_L.g..b.w_\n_g.s..fs._\n_....B..l_\n_b...1r.._\n_G13.2b.._\n__________
LEVEL:38:__________\n_.Rrbll.f_\n_L18.lll._\n_.5..ll.r_\n_..r.ll.1_\n_..r.ll.l_\n_.F..ll.B_\n_B19.ll.1_\n_r3r....2_\n__________
LEVEL:39:__________\n_A.2...bg_\n_1.G.3.a._\n_wwg1W16._\n_..12B12b_\n_........_\n_........_\n_........_\n_........_\n__________
LEVEL:40:__________\n_b..lsllf_\n_...lslll_\n_.S.lslll_\n_L18lslll_\n_.6.ls..._\n_F......._\n_1......._\n_3.B12..._\n__________
LEVEL:41:____________________\n_llllllff........L._\n_lgggglff........1._\n_lbggglff........5._\n_lg..glff.........._\n_lG15glff.........._\n_llllllff.........._\n_ffffwww..........._\n_ffff.............._\n_.................._\n_.........F.3......_\n_..B12.....1......._\n_.................._\n_.........k........_\n_....K12..........._\n_.................._\n_.................._\n_................7._\n_.................._\n____________________
LEVEL:42:__________\n_f.k.k.kk_\n_.B12F13._\n_k......k_\n_...b...._\n_k......k_\n_........_\n_k......k_\n_.K14K17._\n__________
LEVEL:43:__________\n_ffffffff_\n_W16....._\n_Bk......_\n_1.k...k._\n_2...k..._\n_w..wwwww_\n_...k...._\n_Kk.....k_\n_1k...k.._\n_7......._\n_w..wwwww_\n_........_\n_F13...k._\n_K..k...._\n_1......._\n_4...kk.b_\n__________
LEVEL:44:__________\n_FWwwwwww_\n_11wb.fww_\n_36wwwwww_\n_G10wgkww_\n_wwwwwwww_\n_wBKwwwww_\n_w11wwwww_\n_b2.kwwww_\n__________
LEVEL:45:___________\n_.F.w..V.._\n_o1.w.o1.._\n_.4.w.o2.o_\n_wwww.o..._\n_.ov...oWw_\n_.ov.o..1w_\n_..o.O186w_\n_foo..wF13_\n___________
LEVEL:46:____________________\n_W........wwwwwwwww_\n_1wwwwwwwww......Kw_\n_6wK17ooowwR1.O.81w_\n_Kwkooo3oww..3.1.9w_\n_1wkoooooww.......w_\n_4wo1kbkowwaaaaw.ww_\n_Awooooooww.....ww._\n_1woooooowwb..w..w._\n_9wwwwwwwwww.sw.ww._\n_Awwwwwwwwwwwlwwww._\n_1wb.....ww......w._\n_4wwwww.www.b.R..w._\n_Sw......ww.r.1..w._\n_1ww.wwwwww...5L.w._\n_4wrrrrrrww....1.w._\n_Bwrrfrrrww....8.w._\n_1wwwwwwwwwwwwwwww._\n_9R19F13L18R14B12.._\n____________________
LEVEL:47:______\n_fr.b_\n_F13w_\n_gggg_\n_wwww_\n_F17w_\n_R15w_\n_G10W_\n_B121_\n_W16W_\n______
LEVEL:48:__________\n_WSLlllll_\n_111llllk_\n_556llK12_\n_lllllB17_\n_lllllK1._\n_lllkklll_\n_lllwwlll_\n_FllssllF_\n_1......1_\n_3......3_\n_f......f_\n_........_\n_........_\n_oooggooo_\n_..o..o.._\n_GBo..oOS_\n_11ob.o11_\n_89o..o58_\n__________
LEVEL:49:____________________\n_Wwvvvvvvvfvvvvvvvv_\n_1wvvvvvvv.vvvvvvvv_\n_6wvvvvvvv.vvvvvvvv_\n_Fwvvvvvvv.vvvvvvvv_\n_1wvvvvvvv.vvvvvvvv_\n_3wvvvvvvvvvvvvvvvv_\n_Vwvvvvvvvvvvvvvvvv_\n_1wvvvvvvvvvvvvvvvv_\n_4wvvvvvvvvvvvvvvvv_\n_wwvvvvvvvvvvvvvvvv_\n_..............s..._\n_......r.r.....sS.._\n_...b..rrr.....s1.._\n_..B12..R......s4.._\n_.......1......s..._\n_.......5..O1O.s..._\n_..............w..._\n_..............w..._\n____________________
LEVEL:50:_______\n_bB12._\n_...F._\n_.fR15_\n_...3._\n_.r..._\n_______
LEVEL:51:________\n_rrrrrr_\n_rrrrrr_\n_rrbrrr_\n_rr.rRr_\n_r..B12_\n_r.3.6._\n________
LEVEL:52:____________\n_v......V12_\n_...f.....F_\n_.R.....b.1_\n_B12......3_\n_...S.S14.._\n____________
LEVEL:53:__________\n_bB1...2._\n_..fR1SF._\n_1...31s._\n_3.r..2.1_\n__________
LEVEL:54:_________\n_......._\n_....b.._\n_....s.._\n_......F_\n_.B12..1_\n_......3_\n_...S121_\n_________
LEVEL:55:____________\n_.........._\n_.b..S....._\n_.....712.._\n_.....O...._\n_.B........_\n_...b.....F_\n_.........1_\n_GokK12...3_\n_V......B1._\n_r........R_\n____________
LEVEL:56:________\n_......_\n_.b...._\n_......_\n_......_\n_.S...._\n_.1...._\n_.BB123_\n_.s...3_\n________
LEVEL:57:____________\n_B1.B.....B_\n_R1.......1_\n_..5....S12_\n_.........._\n_.r.....b.._\n_...L......_\n_......1..F_\n_..f......1_\n_......s..4_\n_F13......._\n____________
LEVEL:58:_______\n_F.B12_\n_1b..._\n_3...f_\n_..k.._\n_K17.._\n_______
LEVEL:59:____________\n_B12w.....S_\n_K12w.....1_\n_F16w....7._\n_wwww......_\n_G1........_\n_1.....s..._\n_.0.3.sbs.._\n_g.....s..g_\n_gg......gg_\n_ggg....ggg_\n____________
LEVEL:60:____________\n_B12......S_\n_Br.......1_\n_R..f.....F_\n_.........1_\n_G1.......3_\n_1.....s.f._\n_.0.3.sbs.F_\n_g.....s..g_\n_gg..13..gg_\n_ggg....ggg_\n____________
LEVEL:61:_________\n_.....B8_\n_......._\n_...R..._\n_..o1..._\n_......._\n_....B.._\n_......._\n_....rs._\n_..1SF.._\n_fB31s.._\n_F112o.._\n_......._\n_________
LEVEL:62:________\n_......_\n_......_\n_......_\n_......_\n_......_\n_......_\n_..B..._\n_..1..._\n_..2F13_\n_..b..._\n_......_\n_......_\n_f.F15._\n_......_\n_......_\n________
LEVEL:63:_____________\n_.....2....._\n_.b...F....._\n_....w.712.._\n_.B....O...._\n_....S.....F_\n_........S.1_\n_.....K12..._\n_.b.W......._\n_........s.._\n_.....B12s3k_\n_..........k_\n_____________
LEVEL:64:_________\n_Fw.f.wB_\n_1w...w1_\n_3wwwww2_\n_......._\n_..W16.._\n_......._\n_...b..._\n_________
LEVEL:65:____________\n_B13......F_\n_....f....1_\n_rrrR1Rrrr2_\n_........b._\n____________
LEVEL:66:____________\n_F13wwwwK14_\n_w.o.okofow_\n_wo.o.o.o.w_\n_wko.o.o.ow_\n_wo.o.o.o.w_\n_w.o.o.o.ow_\n_wo.o.o.okw_\n_w.o.o.o.ow_\n_wo.obo.o.w_\n_K17wwwwB12_\n____________
LEVEL:67:____________\n_.........._\n_llllllll.._\n_.....r...._\n_.........._\n_..b..r...._\n_.........._\n_gggggggg.._\n_W13..G17.._\n_.........._\n_B12......._\n____________
LEVEL:68:___________\n_B12w....._\n_wwww.brk._\n_.R......._\n_........._\n_ggggggggg_\n_.1......._\n_.5......._\n_........._\n_.K......._\n_........._\n_ggggggggg_\n_........._\n_......ooo_\n_wwww..ofo_\n_W16w..ooo_\n_G10w..F13_\n___________
LEVEL:69:__________\n_k....b.._\n_w....o.o_\n_sB123ggg_\n_.fR.oo.o_\n_.....bg._\n_.r..f..._\n_.s.bs..k_\n_..sg.www_\n__________
LEVEL:70:__________\n_...12..._\n_...r.ooo_\n_2...B11O_\n_......31_\n_s2.3...2_\n_........_\n_..R1..F1_\n_.....S14_\n__________
LEVEL:71:_______________\n_.l..gL16g..l._\n_.l..ggggg..l._\n_............._\n_............._\n_..l.......l.._\n_..l.......l.._\n_3....G10....3_\n_..l.......l.._\n_..l.......l.._\n_............._\n_............._\n_.l..ggggg..l._\n_.l..gL12g..l._\n_______________
LEVEL:72:__________\n_.kSFr..._\n_vbR1Sbb._\n_g..31skB_\n_r...2so8_\n_bss...a4_\n_FR...aa._\n_S1o....w_\n_W6R11oof_\n__________
LEVEL:73:__________\n_........_\n_....V12._\n_........_\n_........_\n_F.v.v..._\n_1..v...._\n_3......._\n_....f..._\n__________
LEVEL:74:__________\n_........_\n_....V12._\n_..v.v..._\n_..vvv..._\n_F.v.v..._\n_1..v...._\n_3......._\n_....f..._\n__________
LEVEL:75:__________\n_.....B12_\n_.W.14..._\n_.1wwwww._\n_.6wf..w._\n_..w..kw._\n_F.wwwww._\n_1......._\n_3...bK17_\n__________
LEVEL:76:____________\n_K..w.kwK14_\n_1...okkfow_\n_7...B12o.w_\n_s.k......._\n_.....R...._\n_w.www..W16_\n_w........._\n_..b...r..k_\n_w........._\n_..kwwwF13._\n____________
LEVEL:77:____________\n_K.kw.kwK14_\n_1...okkfo._\n_7.o.A12o.w_\n_s.2..r.o.._\n_.....R...._\n_w.www..W16_\n_w...o..o.._\n_..b...rbak_\n_w...5...o._\n_b.fwwwF13._\n____________
LEVEL:78:__________\n_...12..._\n_...rg1.._\n_........_\n_.s..wk2g_\n_F12.V7f._\n_w.F.v..._\n_3R25K..._\n_..v....._\n__________
LEVEL:79:__________\n_W16..R15_\n_.....R13_\n_..R....._\n_B1B12.ww_\n_......wr_\n_......ww_\n_........_\n_b....R19_\n__________
LEVEL:80:__________\n_W16..R15_\n_.....R13_\n_..R....._\n_B1B12.ww_\n_......wr_\n_......ww_\n_...R...._\n_bB1..R19_\n__________
LEVEL:81:__________\n_B1B....f_\n_1......._\n_2......._\n_........_\n_........_\n_.......F_\n_.......1_\n_b......3_\n__________
LEVEL:82:__________\n_V1V....B_\n_.......1_\n_V1.....2_\n_..F....._\n_........_\n_........_\n_........_\n_bv....7F_\n_.......1_\n_.......3_\n_wwwwwwww_\n_.v....W._\n_......1._\n_f.....6._\n__________
LEVEL:83:__________\n_B12..F13_\n_........_\n_........_\n_........_\n_.b....f._\n_........_\n_........_\n_........_\n__________
LEVEL:84:__________\n_.K14.B12_\n_.fow...._\n_2o.w...3_\n_..1.W..w_\n_..4...k._\n_....rr.._\n_........_\n_....bK17_\n__________
LEVEL:85:__________\n_l......._\n_...b...._\n_L1B....._\n_..1....._\n_..2F...._\n_.b.bB1Br_\n_........_\n_.f....13_\n__________
LEVEL:86:__________\n_bF132..G_\n_....g1.1_\n_..B12AO._\n_.RF13wwr_\n_a12....._\n_o.....WF_\n_......F1_\n_.....f.._\n__________
LEVEL:87:__________\n_W16w..s._\n_...wF..._\n_...w1..._\n_...w3..._\n_r..w...._\n_...wR.b._\n_S14wB12._\n_.1Fw...r_\n__________
LEVEL:88:__________\n_W16w..s._\n_.14wF..._\n_F..w1..._\n_...w3..._\n_..rw...._\n_...wR.b._\n_S14wB12._\n_.1Fw...r_\n__________
LEVEL:89:__________\n_........_\n_WW..W16._\n_11b.B12._\n_9W......_\n_........_\n_FL...www_\n_11...wll_\n_38...wlf_\n__________
LEVEL:90:________________\n_K17..........._\n_1....3........_\n_.4w.k...Ww...._\n_..l.....1....._\n_..lw.k.76Ww..._\n_..l..........._\n_lllllllll....._\n_......ll......_\n_.............._\n_b............._\n_L14........B12_\n________________
LEVEL:91:__________\n_...K.3.._\n_.f.k...._\n_kkkk...._\n_...kgkkk_\n_........_\n_G10...b._\n_.....B12_\n_K14..F13_\n__________
LEVEL:92:__________\n_.....b.s_\n_FBs....s_\n_f13....s_\n_.2..rrrr_\n_...r...._\n_...r.RF._\n_...r.11._\n_S14r.5.._\n__________
LEVEL:93:__________\n_.B1..ww._\n_s..S...f_\n_.w1ww4.._\n_.w.SF..1_\n_1.4.Bw.4_\n_3bww3w.._\n_.......s_\n_.W12.s.._\n__________
LEVEL:94:__________\n_........_\n_B12....._\n_S16....._\n_K13.b..._\n_G16....._\n_F16..v.v_\n_.....vsv_\n_V16..vkf_\n__________
LEVEL:95:___________\n_s...f...s_\n_.k.....k._\n_..k...k.._\n_...k.k..._\n_....k...._\n_....S14.._\n_........._\n_K17...K14_\n_B12.b.F13_\n___________
LEVEL:96:__________\n_.B1.sF13_\n_S142s..._\n_...fs..._\n_sssss..._\n_........_\n_.....17._\n_.B12..b._\n_........_\n__________
LEVEL:97:_________\n_....F13_\n_......._\n_..K...._\n_..1...._\n_.f2...._\n_......._\n_k......_\n_________
LEVEL:98:__________\n_........_\n_...F13.._\n_........_\n_.......v_\n_B.....a._\n_1......._\n_2..O...._\n_..k.fb.S_\n__________
LEVEL:99:__________\n_B12.gggf_\n_F13agggg_\n_R15.gggg_\n_G10.gggg_\n_.a......_\n_..r..rr._\n_..rrrrrr_\n_b..rr..._\n__________
LEVEL:100:__________\n_........_\n_........_\n_.B...k.._\n_1......._\n_wwwvwwww_\n_.b......_\n_........_\n_.....3.._\n_...K...._\n_....1..._\n_..7....._\n_........_\n_.......V_\n_.......1_\n_B12..W14_\n__________
LEVEL:101:__________\n_....B12b_\n_....b..._\n_.......F_\n_...1...1_\n_......12_\n_........_\n_gb...f.._\n_g......._\n_g1..Rr.._\n_gfRf12.k_\n_G.f36..._\n_.b.15..F_\n_G.f....1_\n_.......4_\n_K13....._\n__________
LEVEL:102:__________\n_........_\n_........_\n_.bf....._\n_......B._\n_......1._\n_.F13..2._\n_........_\n_........_\n__________
LEVEL:103:___________\n_oLoLBLoLo_\n_o1o111o1o_\n_w8w828w8w_\n_ooo131ooo_\n_L18oboooo_\n_oooowoOoo_\n_L18oWoL18_\n_oooo1oooo_\n_L14o6oo1L_\n___________
LEVEL:104:_______________\n_B12wwW16.F.13_\n_K14ww.......k_\n_1bG.w.....k.._\n_7.1ww.w.....k_\n_f.4ww.....k.._\n_gggww..k....._\n_gggwwk......._\n_gggww..k....._\n_gggwwk......._\n_k..www..k...k_\n_..k..www..k.._\n_k......w...kw_\n_wwwwww...wwww_\n_______________
LEVEL:105:___________\n_B19L18F13_\n_1wwwwwwwW_\n_2w..b..w1_\n_ww.....w6_\n_..A....wA_\n_a.1.a..w1_\n_...5...w9_\n_.llllllll_\n_.llllllll_\n_.....l..._\n_.V1.vl.f._\n_.1...l..._\n_..2.lllll_\n___________
LEVEL:106:__________\n_.f......_\n_........_\n_kkkkkgkk_\n_B12....._\n_........_\n_G10....._\n_..F13..._\n_......b._\n__________
LEVEL:107:__________\n_.....L14_\n_.llK14wF_\n_.Wrb...1_\n_.ww....3_\n_.ww....._\n_.R1....._\n_........_\n_.1F..B12_\n__________
LEVEL:108:__________\n_b....V.B_\n_.....1.1_\n_..3..9.2_\n_.F...s.._\n_S14sss.._\n_........_\n_........_\n_....f..k_\n__________
LEVEL:109:______________\n_l.bFk...l..._\n_l.B12...l..._\n_l.k42....l.._\n_ll...R..rl2._\n_.1l......l.._\n_..llKl.lll.._\n_.k..1......._\n_....8.f..4.._\n_..2........._\n_..F1.9..K12._\n_...3........_\n_............_\n______________
LEVEL:110:__________\n_B12...fO_\n_...3...._\n_.b......_\n_F......o_\n_1......l_\n_L1......_\n_3......._\n_........_\n__________
LEVEL:111:__________\n_.2......_\n_S..b...._\n_..B....._\n_ww1....._\n_W1......_\n_.F12ss.._\n_....B123_\n_.f.....3_\n__________
LEVEL:112:__________\n_b....F13_\n_l..W16.._\n_llwlllll_\n_.....V.._\n_gggG..12_\n_v.g1.L18_\n_f.g0...._\n_ggg..B12_\n__________
LEVEL:113:______\n_...._\n_.r.._\n_...f_\n_R12._\n_..F._\n_..1._\n_..3._\n_...._\n_...._\n______
LEVEL:114:___________\n_B12aab..._\n_.......A._\n_.......1._\n_F13....7._\n_ggggggggg_\n_ggwwwwwgg_\n_www.f.www_\n_W16.k.G14_\n___________
LEVEL:115:__________\n_........_\n_........_\n_..F12..._\n_........_\n_....31A._\n_fff....._\n_..f....._\n_a.f....._\n__________
LEVEL:116:__________\n_........_\n_.......o_\n_..f....._\n_........_\n_...K13.._\n_.r.g..B._\n_..w...1._\n_...b..2k_\n__________
LEVEL:117:__________\n_B1.awB12_\n_f.o..12._\n_b....rg1_\n_1......._\n_3..Rrr.5_\n_....r..l_\n_g7.w.Ar._\n_K2.k..or_\n__________
LEVEL:118:__________\n_B12..F13_\n_1......._\n_9......._\n_..rb.9.._\n_........_\n_..R..5.._\n_..1....v_\n_V18...vf_\n__________
LEVEL:119:__________\n_b......B_\n_..1.R..1_\n_.R...5.2_\n_........_\n_.0.rrr.._\n_gggggggg_\n_gg...G10_\n_fg...F13_\n__________
LEVEL:120:__________\n_........_\n_S12.B..._\n_S..1..2._\n_........_\n_K.....s._\n_...b...._\n_........_\n_3......._\n__________
LEVEL:121:__________\n_........_\n_.b......_\n_..B....._\n_..1....._\n_..2....._\n_..3....._\n_.Ss....._\n_........_\n__________
LEVEL:122:__________\n_b......._\n_........_\n_...f...._\n_B......._\n_1......._\n_2......._\n_l......._\n_ff.lF13._\n__________
LEVEL:123:__________\n_....B12._\n_....F13._\n_k.b....._\n_....K1.._\n_....fR.._\n_........_\n_........_\n_....r..._\n__________
LEVEL:124:__________\n_........_\n_...b...._\n_........_\n_........_\n_..B...F._\n_..1...1._\n_..2...3._\n_........_\n_........_\n_.......f_\n_........_\n__________
LEVEL:125:__________\n_........_\n_b......._\n_........_\n_...r...._\n_..R12..._\n_.....F.f_\n_.....1.._\n_.....3.._\n__________
LEVEL:126:__________\n_..B12..._\n_........_\n_....F..._\n_..fR15.._\n_b...3..._\n_........_\n_........_\n_..r....._\n__________
LEVEL:127:__________\n_F13....._\n_........_\n_........_\n_.b......_\n_........_\n_...B12.._\n_........_\n_f......._\n__________
LEVEL:128:__________\n_....LLLr_\n_1...LLL._\n_F......._\n_.......F_\n_.......1_\n_.......3_\n_..Rb...._\n_.....B12_\n__________
LEVEL:129:__________\n_......13_\n_..W16..._\n_...B1B.._\n_..B1...._\n_..12...._\n_wwb....._\n_........_\n_........_\n__________
LEVEL:130:_______________\n_......w......_\n_......r..R15._\n_..g.ggr.w...._\n_..g...r...w.._\n_g.rrr.rrk...._\n_.....rK14...._\n_.r.w...r..k.._\n_..r.w.r..ggrg_\n_.bwwwwr.W16r._\n_.wr.rrrwr..k._\n_.w...gw.r..k._\n_.w.f.g..r...._\n_.wr.....r...._\n_B12G10..r.F13_\n_______________
LEVEL:131:_______________\n_......w......_\n_......r..R15._\n_..g.ggr.w...._\n_..g...r...w3._\n_g.rrr.rrk...._\n_.....rK14...._\n_.r.w...r..k.._\n_..r.w.r..ggrg_\n_.bwwwwr.W16r._\n_.wr.rrrwr..k._\n_.w...gw.r..k._\n_.w.f.g..r...._\n_.wr.....r...._\n_B12G10..r.F13_\n_______________
LEVEL:132:__________\n_.......f_\n_........_\n_.k......_\n_..k....._\n_b..k...._\n_.....F13_\n_B12....._\n_........_\n__________
LEVEL:133:__________\n_........_\n_........_\n_llllllll_\n_L.....B._\n_1...b.1._\n_8.....9._\n_........_\n_B12..F13_\n__________
LEVEL:134:_______________\n_b........wF19_\n_G.R.B.R.SwV18_\n_1.R.1.1.1wV17_\n_6.R.2.5.6wF13_\n_...r.r...wW16_\n_.........wG1G_\n_....g....wS1S_\n_wwwwswwwwwwww_\n_vg..f..svw..._\n_______________
LEVEL:135:__________\n_......F._\n_f......o_\n_..b....f_\n_......R._\n_.r....11_\n_.1OB12.._\n_1..b...._\n_3......._\n__________
LEVEL:136:__________\n_........_\n_b.....b._\n_.....b.._\n_...r...._\n_..R12..._\n_.....F.f_\n_.b...1.._\n_.....3.._\n__________
LEVEL:137:__________\n_F13....._\n_........_\n_........_\n_.b......_\n_........_\n_.....B12_\n_........_\n_f......._\n__________
LEVEL:138:__________\n_......BF_\n_.b....11_\n_....R.23_\n_1..5.r.._\n_.....r.._\n_gggggggg_\n_gggggggg_\n_gggggfgg_\n__________
LEVEL:139:__________\n_V.2a..12_\n_B12avF.._\n_bv.a...._\n_aaaaaaaa_\n_...a...._\n_r.Ra.A.._\n_A16a1..._\n_A1032f3._\n__________
LEVEL:140:__________\n_F13....f_\n_....llV._\n_....ll1l_\n_....ll2l_\n_...lll.l_\n_...lllll_\n_.v......_\n_........_\n__________
LEVEL:141:__________\n_........_\n_F12....._\n_....3..._\n_....V1.._\n_........_\n_........_\n_...f.l.v_\n_.....l.._\n__________
LEVEL:142:__________\n_....w.b._\n_....w..w_\n_B13.w.ww_\n_........_\n_F12.fff._\n_........_\n_....W15._\n_........_\n__________
LEVEL:143:__________\n_G......._\n_1..L14.._\n_0......F_\n_.......1_\n_.b.....3_\n_ggg....._\n_llg.B12._\n_fl......_\n__________
LEVEL:144:__________\n_bB1...2._\n_..fR1SF._\n_1...31s._\n_3.s..2.1_\n__________
LEVEL:145:__________\n_......wf_\n_W15..w.._\n_.....w.w_\n_.B12w.w._\n_.....w.._\n_...b..ww_\n_F13...w._\n_......w._\n__________
LEVEL:146:____________\n_A18wa....._\n_B19ww..a.._\n_1ssswa..a._\n_2K13wV13a._\n_wwwww..a.._\n_aaaaa...a._\n_a....aaVav_\n_..aa.aa1av_\n_a.ba.a.8av_\n_aaaa...akv_\n____________
LEVEL:147:__________\n_...w..w._\n_..w.fw.._\n_V12..v.w_\n_....w.w._\n_..ww...w_\n_F13.w.v._\n_.b.v...._\n_....W15._\n__________
LEVEL:148:__________\n_.....w.._\n_F13v...._\n_..V1..w._\n_.b..2..._\n_.W15...w_\n_.w...w.._\n_....w..._\n_B12.w.f._\n__________
LEVEL:149:__________\n_fwwwwwGF_\n_ggwwww11_\n_ggrwww03_\n_g...wwwW_\n_r....ww1_\n_.W19.R16_\n_.O18.1ww_\n_bB12b5.w_\n__________
LEVEL:150:__________\n_.......4_\n_.b..v.gb_\n_..lBOrv._\n_O131..F._\n_.sf2..f._\n_..w...bl_\n_...g.v.._\n_A.of.f.9_\n__________
LEVEL:151:__________\n_.B......_\n_.1..F13O_\n_.2bR...._\n_........_\n_......a._\n_........_\n_........_\n_...f...._\n__________
LEVEL:152:____________________\n_BWw..............._\n_11w.....G10......._\n_26w..wwwwwwww....._\n_www..woooooow....._\n_.....wooR15ow....._\n_.....woooooow....._\n_.....woborrow....._\n_.....woooooow....._\n_..wwwwwggggwwwww.._\n_..w............w.._\n_..w............w.._\n_..w............w.._\n_..wggg.........w.._\n_..wggg.....F13.w.._\n_..wfgg.........w.._\n_..wwwwwwwwwwwwww.._\n_.................._\n_.................._\n____________________
LEVEL:153:__________\n_L1.....O_\n_1......1_\n_8......9_\n_........_\n_F15.V12._\n_w.l.Kv.._\n_3.2.V..k_\n_.......k_\n__________
LEVEL:154:__________\n_B1gg..kb_\n_...v...._\n_......f3_\n_a3V12..._\n_........_\n_.g......_\n_K1.G...._\n_B1...F13_\n__________
LEVEL:155:__________\n_B12..G10_\n_...f...._\n_........_\n_gggggggg_\n_b......._\n_.....r.._\n_........_\n_F13..R15_\n__________
LEVEL:156:__________\n_.R.bll.f_\n_L18.lll._\n_.5..ll.r_\n_..r.ll.1_\n_..r.ll.l_\n_.F..ll.B_\n_B19.ll.1_\n_.3.....2_\n__________
LEVEL:157:__________\n_V12.r..._\n_R.rr2rw._\n_1r....wg_\n_4.ggrrwv_\n_gggF13aa_\n_r.gggggg_\n_a..rarar_\n_fargrara_\n__________
LEVEL:158:__________\n_B12..G10_\n_........_\n_gg..b.1._\n_Fgsr.r5._\n_.gsr.R.._\n_.gs....._\n_.gssss.._\n_.13S141F_\n__________
LEVEL:159:__________\n_B12..G10_\n_sss....._\n_gg..b.1._\n_Fgsr.r5._\n_.gsr.R.._\n_.gs....._\n_.gssss.._\n_.13S141F_\n__________
LEVEL:160:__________\n_kBK.w.b._\n_..1ww..._\n_..2w...._\n_wwww..V._\n_......1._\n_......3._\n_W18....._\n_.....B19_\n__________
LEVEL:161:__________\n_BK13gggG_\n_1rrrggR1_\n_2rbrgR16_\n_.rrrgg7g_\n_.ggggrgg_\n_.ggggggg_\n_.g..rggr_\n_.r.r.r.k_\n__________
LEVEL:162:__________\n_bwawaB12_\n_wawawawa_\n_awawawaw_\n_wawawawa_\n_awawawaw_\n_wawawawa_\n_awawawaw_\n_F13awawf_\n__________
LEVEL:163:__________\n_........_\n_.aaaaa.1_\n_.aabaa.3_\n_.aaaaa.._\n_........_\n_.A......_\n_.1......_\n_.2...B12_\n__________
LEVEL:164:__________\n_KRg...rs_\n_11.g..rr_\n_45.gg..._\n_.B13g..._\n_....wS12_\n_L...l..._\n_1.kkl.k._\n_0b.ll.k._\n__________
LEVEL:165:__________\n_VB12...3_\n_1o..o..._\n_4o..vK16_\n_oo.o...._\n_vobo.kk._\n_..o....._\n_..v..v.._\n_........_\n__________
LEVEL:166:__________\n_wfkwwwww_\n_lwwlwwlw_\n_sllsllsl_\n_.s......_\n_....b.s._\n_W16F13.._\n_..B19S14_\n_L18..B12_\n__________
LEVEL:167:__________\n_kk.k.kkk_\n_llo..o.k_\n_.lo..o.k_\n_.loooo.k_\n_.llll..k_\n_..looooo_\n_..lollll_\n_..lollll_\n_....llll_\n_........_\n_........_\n_L16....._\n_........_\n_........_\n_BK13...._\n_1......._\n_2.K17..._\n_b......._\n__________
LEVEL:168:_____________\n_..wwB12ww.._\n_..........._\n_..wwrwrww.._\n_..w.....w.._\n_W.Rw.b.wR.B_\n_1.w.....w.1_\n_6.w.....w.2_\n_w.w.......w_\n_w1.ww.ww.1w_\n_.........3._\n_..wwR15w..._\n_____________
LEVEL:169:_____________\n_B12F13fL17._\n_..........._\n_l.l.ll.ll.._\n_..........._\n_l.l..l..l.._\n_l..l..l...._\n_.l.....l.l._\n_ll.l.l.l..l_\n_..........._\n_..........._\n_b...B19.L18_\n_____________
LEVEL:170:__________\n_..b....._\n_B12.www._\n_K1.w.k.w_\n_...w...w_\n_....w.wF_\n_....wfw1_\n_.....w.3_\n_W17....._\n__________
LEVEL:171:_____________\n_B12S14F13ww_\n_S17O14W16bw_\n_wwwwwwwww.w_\n_wwwwww..osw_\n_wwwww..os.w_\n_wwww...so.w_\n_www...so..w_\n_ww.....so.w_\n_w......os.w_\n_........osw_\n_.......os.w_\n_w......so.w_\n_ww....so..w_\n_www....so.w_\n_wwww...os.w_\n_wwwww...osw_\n_wwwwww.os.w_\n_wwwwwwwwwfw_\n_____________
LEVEL:172:____________________\n_S16.........wwww.._\n_............wBFw.._\n_............w11w.._\n_............w23w.._\n_............wwww.._\n_...wwwwwwwww......_\n_...wosooooow......_\n_...wooooooow......_\n_...wooobosow......_\n_...wsooooosw......_\n_...woosoooow......_\n_...wwwwwwwww......_\n_.................._\n_.......f.........._\n_.................._\n_.................._\n_.................._\n_.................._\n____________________
LEVEL:173:__________\n_B12oo.b._\n_ooooo.F._\n_sosoo.1._\n_ofooo.3._\n_sosoo..._\n_oooooooo_\n_ooooO14o_\n_oooooooo_\n__________
LEVEL:174:____________________\n_wwowwf....Kwbwwow._\n_wB12wwF13.1w.wooWw_\n_wwbww.o.oA12.oo.1w_\n_LRwwV....o3o.wwo6r_\n_11.Br1......kwwwwg_\n_451.3..llll..wwwgg_\n_..4lwgwlllllllwwwg_\n_llllwvwllllllwK17w_\n____________________
LEVEL:175:__________\n_bsfgalro_\n_kwoBSFWA_\n_ROKGV213_\n_6750489w_\n_w.....ww_\n_w.wwwwWw_\n_w...vw1w_\n_B12V136w_\n__________
LEVEL:176:____________________\n_W........wwwwwwwww_\n_1wwwwwwwww......Kw_\n_6woooooowwR1.O.81w_\n_Kwooo3koww..3.1.9w_\n_1wkoooooww.......w_\n_4wo1kbkowwaaaaw.ww_\n_Awooooooww....oww._\n_1wK17ooowwb..woow._\n_9wwwwwwwwww.swoww._\n_Awwwwwwwwwwwlwwww._\n_1wb.....ww......w._\n_4wwwww.www.b.R..w._\n_Sw......ww.r.1..w._\n_1ww.wwwwww...5L.w._\n_4wrrrrrrww....1.w._\n_Bwrrfrrrww....8.w._\n_1wwwwwwwwwwwwwwww._\n_9R19F13L18R14B12.._\n____________________
LEVEL:177:__________\n_........_\n_S2..B12._\n_w...s..._\n_...7wooo_\n_.1.vooVo_\n_.3vbW1.6_\n_...voo2o_\n_V14.oO16_\n__________
LEVEL:178:____________________\n_WR1R.....wwwwwwwww_\n_1wwwwwwwww......Kw_\n_6wK17ooowwR1.O.81w_\n_Kwkooo3oww..3.1.9w_\n_1wkoooooww.......w_\n_4wo1kbkowwaaaaw.ww_\n_Awooooooww.....ww._\n_1woooooowwb..w..w._\n_9wwwwwwwwww.sw.ww._\n_Awwwwwwwwwwwlwwww._\n_1wb.....ww......w._\n_4wwwww.www.b.R..w._\n_Sw......ww.r.1..w._\n_1ww.wwwwww...5L.w._\n_4wrrrrrrww....1.w._\n_Bwrrfrrrww....8.w._\n_1wwwwwwwwwwwwwwww._\n_9R19F13L18R14B12.._\n____________________
LEVEL:179:__________\n_KF13K1K._\n_1f......_\n_4.wwwwwk_\n_B.wK1b.._\n_1.waA.6._\n_2WwvV.2._\n_w1wgG.0._\n_w6wlL.8._\n__________
LEVEL:180:____________________\n_S14W16...........V_\n_B12V18ww.........1_\n_G14S19..w........5_\n_.w.w..ww.........._\n_...www............_\n_.................._\n_.................._\n_....wwwwsw........_\n_...w.vb..w........_\n_..w..b...w........_\n_...w..b..w........_\n_....wwwwww........_\n_.................._\n_...O15........gggg_\n_...F13....gggggggg_\n_.........gggoooooo_\n_......ggggggoooooo_\n_..ggggggggggooooof_\n____________________
LEVEL:181:____________\n_L.kwB..K1r_\n_w.r..3.fos_\n_wS1.....s1_\n_g.r.W1..s4_\n_W.b......._\n_kk..rb.ff5_\n_9.B12....G_\n_.b.f.swgw1_\n_g.o...oO.0_\n_v.wwoRF1.f_\n____________
LEVEL:182:__________\n_K14....._\n_1k..k..._\n_.boL..k._\n_.A15..aa_\n_.b....b._\n_k...F.k._\n_..k.1..._\n_B12.lf13_\n__________
LEVEL:183:____________________\n_Wwvvvvvvvfvvvvvvvv_\n_1wvvvvvvv.vvvvvvvv_\n_6wvvvvvvv.vvvvvvvv_\n_Fwvvvvvvv.vvvvvvvv_\n_1wvvvvvvv.vvvvvvvv_\n_3wvvvvvvvvvvvvvvvv_\n_Vwvvvvvvvvvvvvvvvv_\n_1wvvvvvvvvvvvvvvvv_\n_4wvvvvvvvvvvvvvvvv_\n_wwvvvvvvvvvvwwwwww_\n_............r....._\n_............rRK.B._\n_...b..sss...r11.1._\n_..B12..S....r457.._\n_..B12..1....r....._\n_.......5....kw...._\n_.O1O........ww...._\n_............w....._\n____________________
BATCH:-1:0:0
BATCH:-1:1:1
BATCH:-1:2:2
BATCH:-1:3:3
BATCH:-1:4:4
BATCH:-1:5:5
BATCH:-1:6:6
BATCH:-1:7:7
BATCH:-1:8:8
BATCH:-1:9:9
BATCH:-1:10:10
BATCH:-1:11:11
BATCH:-1:12:12
BATCH:-1:13:13
BATCH:-1:14:14
BATCH:-1:15:15
BATCH:-1:16:16
BATCH:-1:17:17
BATCH:-1:18:18
BATCH:-1:19:19
BATCH:-1:20:20
BATCH:-1:21:21
BATCH:-1:22:22
BATCH:-1:23:23
BATCH:-1:24:24
BATCH:-1:25:25
BATCH:-1:26:26
BATCH:-1:27:27
BATCH:-1:28:28
BATCH:-1:29:29
BATCH:-1:30:30
BATCH:-1:31:31
BATCH:-1:32:32
BATCH:-1:33:33
BATCH:-1:34:34
BATCH:-1:35:35
BATCH:-1:36:36
BATCH:-1:37:37
BATCH:-1:38:38
BATCH:-1:39:39
BATCH:-1:40:40
BATCH:-1:41:41
BATCH:-1:42:42
BATCH:-1:43:43
BATCH:-1:44:44
BATCH:-1:45:45
BATCH:-1:46:46
BATCH:-1:47:47
BATCH:-1:48:48
BATCH:-1:49:49
BATCH:-1:50:50
BATCH:-1:51:51
BATCH:-1:52:52
BATCH:-1:53:53
BATCH:-1:54:54
BATCH:-1:55:55
BATCH:-1:56:56
BATCH:-1:57:57
BATCH:-1:58:58
BATCH:-1:59:59
BATCH:-1:60:60
BATCH:-1:61:61
BATCH:-1:62:62
BATCH:-1:63:63
BATCH:-1:64:64
BATCH:-1:65:65
BATCH:-1:66:66
BATCH:-1:67:67
BATCH:-1:68:68
BATCH:-1:69:69
BATCH:-1:70:70
BATCH:-1:71:71
BATCH:-1:72:72
BATCH:-1:73:73
BATCH:-1:74:74
BATCH:-1:75:75
BATCH:-1:76:76
BATCH:-1:77:77
BATCH:-1:78:78
BATCH:-1:79:79
BATCH:-1:80:80
BATCH:-1:81:81
BATCH:-1:82:82
BATCH:-1:83:83
BATCH:-1:84:84
BATCH:-1:85:85
BATCH:-1:86:86
BATCH:-1:87:87
BATCH:-1:88:88
BATCH:-1:89:89
BATCH:-1:90:90
BATCH:-1:91:91
BATCH:-1:92:92
BATCH:-1:93:93
BATCH:-1:94:94
BATCH:-1:95:95
BATCH:-1:96:96
BATCH:-1:97:97
BATCH:-1:98:98
BATCH:-1:99:99
BATCH:-1:100:100
BATCH:-1:101:101
BATCH:-1:102:102
BATCH:-1:103:103
BATCH:-1:104:104
BATCH:-1:105:105
BATCH:-1:106:106
BATCH:-1:107:107
BATCH:-1:108:108
BATCH:-1:109:109
BATCH:-1:110:110
BATCH:-1:111:111
BATCH:-1:112:112
BATCH:-1:113:113
BATCH:-1:114:114
BATCH:-1:115:115
BATCH:-1:116:116
BATCH:-1:117:117
BATCH:-1:118:118
BATCH:-1:119:119
BATCH:-1:120:120
BATCH:-1:121:121
BATCH:-1:122:122
BATCH:-1:123:123
BATCH:-1:124:124
BATCH:-1:125:125
BATCH:-1:126:126
BATCH:-1:127:127
BATCH:-1:128:128
BATCH:-1:129:129
BATCH:-1:130:130
BATCH:-1:131:131
BATCH:-1:132:132
BATCH:-1:133:133
BATCH:-1:134:134
BATCH:-1:135:135
BATCH:-1:136:136
BATCH:-1:137:137
BATCH:-1:138:138
BATCH:-1:139:139
BATCH:-1:140:140
BATCH:-1:141:141
BATCH:-1:142:142
BATCH:-1:143:143
BATCH:-1:144:144
BATCH:-1:145:145
BATCH:-1:146:146
BATCH:-1:147:147
BATCH:-1:148:148
BATCH:-1:149:149
BATCH:-1:150:150
BATCH:-1:151:151
BATCH:-1:152:152
BATCH:-1:153:153
BATCH:-1:154:154
BATCH:-1:155:155
BATCH:-1:156:156
BATCH:-1:157:157
BATCH:-1:158:158
BATCH:-1:159:159
BATCH:-1:160:160
BATCH:-1:161:161
BATCH:-1:162:162
BATCH:-1:163:163
BATCH:-1:164:164
BATCH:-1:165:165
BATCH:-1:166:166
BATCH:-1:167:167
BATCH:-1:168:168
BATCH:-1:169:169
BATCH:-1:170:170
BATCH:-1:171:171
BATCH:-1:172:172
BATCH:-1:173:173
BATCH:-1:174:174
BATCH:-1:175:175
BATCH:-1:176:176
BATCH:-1:177:177
BATCH:-1:178:178
BATCH:-1:179:179
BATCH:-1:180:180
BATCH:-1:181:181
BATCH:-1:182:182
BATCH:-1:183:183
EVAL_INSTANCE:0:0:89
RUN_RESULT:0:0:0:2000:----
RUN_RESULT:0:0:1:2000:----
RUN_RESULT:0:0:2:11:RDLLLLU
RUN_RESULT:0:0:3:2000:----
RUN_RESULT:0:0:4:429:ULLLUUULUURDRDR
RUN_RESULT:0:0:5:2000:----
RUN_RESULT:0:0:6:90:UUUU
RUN_RESULT:0:0:7:2000:----
RUN_RESULT:0:0:8:2000:----
RUN_RESULT:0:0:9:4:LULU
RUN_RESULT:0:0:10:2000:----
RUN_RESULT:0:0:11:2000:----
RUN_RESULT:0:0:12:2000:----
RUN_RESULT:0:0:13:2000:----
RUN_RESULT:0:0:14:2000:----
RUN_RESULT:0:0:15:2000:----
RUN_RESULT:0:0:16:2000:----
RUN_RESULT:0:0:17:2000:----
RUN_RESULT:0:0:18:2000:----
RUN_RESULT:0:0:19:2000:----
RUN_RESULT:0:0:20:2000:----
RUN_RESULT:0:0:21:2000:----
RUN_RESULT:0:0:22:1459:DDDR
RUN_RESULT:0:0:23:2000:----
RUN_RESULT:0:0:24:2000:----
RUN_RESULT:0:0:25:2000:----
RUN_RESULT:0:0:26:91:DLL
RUN_RESULT:0:0:27:2000:----
RUN_RESULT:0:0:28:2000:----
RUN_RESULT:0:0:29:2000:----
RUN_RESULT:0:0:30:2000:----
RUN_RESULT:0:0:31:2000:----
RUN_RESULT:0:0:32:2000:----
RUN_RESULT:0:0:33:93:UUURUULDULU
RUN_RESULT:0:0:34:2000:----
RUN_RESULT:0:0:35:2000:----
RUN_RESULT:0:0:36:44:RRR
RUN_RESULT:0:0:37:18:DDDDDUU
RUN_RESULT:0:0:38:2000:----
RUN_RESULT:0:0:39:2000:----
RUN_RESULT:0:0:40:1440:DDRDRDLRDDLURUR
RUN_RESULT:0:0:41:2000:----
RUN_RESULT:0:0:42:2000:----
RUN_RESULT:0:0:43:2000:----
RUN_RESULT:0:0:44:9:RLR
RUN_RESULT:0:0:45:2000:----
RUN_RESULT:0:0:46:2000:----
RUN_RESULT:0:0:47:2000:----
RUN_RESULT:0:0:48:2000:----
RUN_RESULT:0:0:49:2000:----
RUN_RESULT:0:0:50:71:RDD
RUN_RESULT:0:0:51:14:DDLDRRLUUR
RUN_RESULT:0:0:52:270:DRDRRDRRRRRDLLULLLUU
RUN_RESULT:0:0:53:177:UUDRDRULRULDRUDLLULU
RUN_RESULT:0:0:54:2000:----
RUN_RESULT:0:0:55:2000:----
RUN_RESULT:0:0:56:2000:----
RUN_RESULT:0:0:57:2000:----
RUN_RESULT:0:0:58:291:DRRR
RUN_RESULT:0:0:59:2000:----
RUN_RESULT:0:0:60:1:U
RUN_RESULT:0:0:61:13:DLUURRD
RUN_RESULT:0:0:62:2000:----
RUN_RESULT:0:0:63:2000:----
RUN_RESULT:0:0:64:111:UUUUULUR
RUN_RESULT:0:0:65:2000:----
RUN_RESULT:0:0:66:1740:UUUUUUURRR
RUN_RESULT:0:0:67:2000:----
RUN_RESULT:0:0:68:2000:----
RUN_RESULT:0:0:69:2000:----
RUN_RESULT:0:0:70:2000:----
RUN_RESULT:0:0:71:2000:----
RUN_RESULT:0:0:72:2000:----
RUN_RESULT:0:0:73:1182:ULLLLDDRRRD
RUN_RESULT:0:0:74:2000:----
RUN_RESULT:0:0:75:2000:----
RUN_RESULT:0:0:76:2000:----
RUN_RESULT:0:0:77:2000:----
RUN_RESULT:0:0:78:2000:----
RUN_RESULT:0:0:79:2000:----
RUN_RESULT:0:0:80:2000:----
RUN_RESULT:0:0:81:73:UUUURUURRURRRR
RUN_RESULT:0:0:82:2000:----
RUN_RESULT:0:0:83:50:RRRRR
RUN_RESULT:0:0:84:2000:----
RUN_RESULT:0:0:85:481:DRDDDDUDRRLLDURD
RUN_RESULT:0:0:86:2000:----
RUN_RESULT:0:0:87:2000:----
RUN_RESULT:0:0:88:1035:LUUUUULDDDUULULUULDDDLDURRU
RUN_RESULT:0:0:89:2000:----
RUN_RESULT:0:0:90:2000:----
RUN_RESULT:0:0:91:2000:----
RUN_RESULT:0:0:92:2000:----
RUN_RESULT:0:0:93:2000:----
RUN_RESULT:0:0:94:2000:----
RUN_RESULT:0:0:95:2000:----
RUN_RESULT:0:0:96:2000:----
RUN_RESULT:0:0:97:3:UUR
RUN_RESULT:0:0:98:1662:ULLLUULULDRDRDDLUUULURRRURDDDDLDR
RUN_RESULT:0:0:99:2000:----
RUN_RESULT:0:0:100:2000:----
RUN_RESULT:0:0:101:2000:----
RUN_RESULT:0:0:102:2000:----
RUN_RESULT:0:0:103:2000:----
RUN_RESULT:0:0:104:2000:----
RUN_RESULT:0:0:105:2000:----
RUN_RESULT:0:0:106:2000:----
RUN_RESULT:0:0:107:2000:----
RUN_RESULT:0:0:108:317:RDRDDURRDR
RUN_RESULT:0:0:109:35:DRDRDDDDDURRDL
RUN_RESULT:0:0:110:2000:----
RUN_RESULT:0:0:111:2000:----
RUN_RESULT:0:0:112:2000:----
RUN_RESULT:0:0:113:9:DRR
RUN_RESULT:0:0:114:2000:----
RUN_RESULT:0:0:115:2000:----
RUN_RESULT:0:0:116:2000:----
RUN_RESULT:0:0:117:1393:RRDDRURRDDLUURULLLLRRRR
RUN_RESULT:0:0:118:2000:----
RUN_RESULT:0:0:119:2000:----
RUN_RESULT:0:0:120:2000:----
RUN_RESULT:0:0:121:2000:----
RUN_RESULT:0:0:122:8:DDDDRDDD
RUN_RESULT:0:0:123:2000:----
RUN_RESULT:0:0:124:2000:----
RUN_RESULT:0:0:125:2000:----
RUN_RESULT:0:0:126:3:RRU
RUN_RESULT:0:0:127:461:RDRRRRDLLLDLLLD
RUN_RESULT:0:0:128:2000:----
RUN_RESULT:0:0:129:289:RURURUU
RUN_RESULT:0:0:130:2000:----
RUN_RESULT:0:0:131:2000:----
RUN_RESULT:0:0:132:2000:----
RUN_RESULT:0:0:133:2000:----
RUN_RESULT:0:0:134:2000:----
RUN_RESULT:0:0:135:210:RDDLDURRRRLULDLLDURRULL
RUN_RESULT:0:0:136:2000:----
RUN_RESULT:0:0:137:100:DDLDD
RUN_RESULT:0:0:138:2000:----
RUN_RESULT:0:0:139:2000:----
RUN_RESULT:0:0:140:67:UUUUURRURRRR
RUN_RESULT:0:0:141:2000:----
RUN_RESULT:0:0:142:2000:----
RUN_RESULT:0:0:143:2000:----
RUN_RESULT:0:0:144:177:UUDRDRULRULDRUDLLULU
RUN_RESULT:0:0:145:2000:----
RUN_RESULT:0:0:146:2000:----
RUN_RESULT:0:0:147:2000:----
RUN_RESULT:0:0:148:2000:----
RUN_RESULT:0:0:149:2000:----
RUN_RESULT:0:0:150:4:DLLL
RUN_RESULT:0:0:151:2000:----
RUN_RESULT:0:0:152:2000:----
RUN_RESULT:0:0:153:2000:----
RUN_RESULT:0:0:154:2000:----
RUN_RESULT:0:0:155:138:RRDDRRRUUUUULL
RUN_RESULT:0:0:156:2000:----
RUN_RESULT:0:0:157:2000:----
RUN_RESULT:0:0:158:2000:----
RUN_RESULT:0:0:159:2000:----
RUN_RESULT:0:0:160:2000:----
RUN_RESULT:0:0:161:2000:----
RUN_RESULT:0:0:162:99:RRDDDDDDRDRRRR
RUN_RESULT:0:0:163:2000:----
RUN_RESULT:0:0:164:2000:----
RUN_RESULT:0:0:165:2000:----
RUN_RESULT:0:0:166:2000:----
RUN_RESULT:0:0:167:2000:----
RUN_RESULT:0:0:168:2000:----
RUN_RESULT:0:0:169:20:RRRRURURUUUUUUUUUUU
RUN_RESULT:0:0:170:2000:----
RUN_RESULT:0:0:171:2000:----
RUN_RESULT:0:0:172:2000:----
RUN_RESULT:0:0:173:260:DDLDRDLD
RUN_RESULT:0:0:174:2000:----
RUN_RESULT:0:0:175:285:RRRRRDLULL
RUN_RESULT:0:0:176:2000:----
RUN_RESULT:0:0:177:2000:----
RUN_RESULT:0:0:178:2000:----
RUN_RESULT:0:0:179:2000:----
RUN_RESULT:0:0:180:2000:----
RUN_RESULT:0:0:181:2000:----
RUN_RESULT:0:0:182:2000:----
RUN_RESULT:0:0:183:2000:----
The time of execution is: 230.71454405784607 s
