pygame 2.2.0 (SDL 2.30.7, Python 3.8.10)
Hello from the pygame community. https://www.pygame.org/contribute.html
LEVEL:0:____________________\n_wwowwf....Kwbwwow._\n_wB12wwF13.1w.wooWw_\n_wwbww.o.oA12.oo.1w_\n_LRwwV....o3o.wwo6r_\n_11.Br1......kwwwwg_\n_451.3..llll..wwwgg_\n_..4lwgwlllllllwwwg_\n_llllwvwllllllwK17w_\n____________________
BATCH:0:0:0
TRAINING ON LEVEL:174
of 184 levels
---LEVEL STRING---
____________________
_wwowwf....Kwbwwow._
_wB12wwF13.1w.wooWw_
_wwbww.o.oA12.oo.1w_
_LRwwV....o3o.wwo6r_
_11.Br1......kwwwwg_
_451.3..llll..wwwgg_
_..4lwgwlllllllwwwg_
_llllwvwllllllwK17w_
____________________
---LEVEL STRING---
TRACK:0;-1;-1;0;5;4;2;0;2;3;4;2;1;12;20;-6.588577273650169;2;20;3.595085590938808;21;-2.5871504209055036;2;5;5;5;19;1;0;6;20;7.637249721113712;0;9;15;1;5;24;3;14;5;5;0;3;1;22;2.3383643479069676;22;8.943024876812032;4;2;23;0.050600907930839156;12;0;1;1;0;6;0;9;25;1;6;14;1;24;18;1;5;6;17;6;4;10;0;5;3;0;11;16;2;6;2;24;25;3;2;19;18;6;1;3;2;4;12;4;17;5;3;4;12;2;4;6;1;6;6;0;6;4;8;4;0;24;9;1;0;5;3;2;14;7;-2.2603706831667942;5;1;2;23;-8.382545448671987;22;-1.4005307479891336;6;18;6;2;4;2;20;-5.532324249084799;10;0;4;9;4;13;5;1;4;6;0;2;1;3;13;6;18;4;6;7;-5.159591759006743;1;4;2;13;20;-2.1161193535483225;5;6;24;6;0;6;1;5;2;21;8.079723811917805;8;0;5;25;4;9;5;4;5;5;21;-7.190897305414364
TRACK:1;-1;-1;4;4;1;4;6;6;6;4;3;6;7;-0.49786029440080526;3;3;1;0;5;1;6;16;6;12;1;2;6;10;3;19;1;3;18;6;11;5;5;0;3;17;6;9
TRACK:2;-1;-1;0;5;6;5;2;5;3;1;6;4;21;3.993003872992677;1;2;21;6.80667443582044;10;0;23;-8.326541724112904;12;5;5;2;2;2;24;7;3.7270716746565657;1;9;15;3;5;8;0;1;3;4;0;2;6;1;0;10;22;-0.2459616174000363;4;14;6;0;3;21;2.0004166143851734;3;15;2;0;6;0;16;19;2;0;16;25;3;25;3;0;0;23;-9.443371188030053;10;1;10;25;6;6;1;6;6;3;6;13;2;5;3;6;7;-7.4388595759661325;6;5;1;11;12;3;4;1;4;6;2;4;4;15;6;5;18;0;5;3;1;5;10;5;13;5;6;6;4;14
TRACK:3;-1;-1;4;2;2;3;1;3;5;1;3;1;25;22;1.4794496856543127;2;2;24;22;6.226597722405966;3;11;2;5;2;2;6;12;1;10;24;5;2;25;22;5.701700297122034;6;4;5;3;24;0;0;0;2;2;3;1;22;7.734476756192489;8;6;0;7;-9.187375553526941;7;0.37564210330720016;4;1;1;12;15;0;11;19;0;3;2;6;24;6;23;-6.460779658554932;0;4;5;23;-4.879687763109819;1;6;24;2;25;9;1;5;0;6;1;14;23;1.455205110834557;2;3;9;5;17;3;0;6;3;24;4;0;22;-1.5927591768616178;22;7.397714785382849;0;1;0;0;4;3;13;2;3;18;2;19;7;-0.5594347923604168;1;6;6;24;1;0;11;24;0;21;1.93490576190751;7;2.3465916692651323;3;6;1;0;11;25;6;22;-3.0200364479527746;5;5;5;3;4;15;6;1;0;1;3;3;0;0;17;18;4;11;1;5;5;1;7;3.6964837936480226;24;4;6;6;15;4;1;5;2;5;20;-0.736820403872569;6;13;2;2;5;25;4;14;1;4;22;-1.758402903519956;5;7;5.132366368111237;6;6;4;6;2;4;9;5;10
TRACK:4;-1;-1;0;6;5;0;3;4;2;2;0;4;21;-8.757842276615351;1;13;21;6.856394832035068;2;2;19;22;-7.046794908378306;4;22;-9.355573993592596;6;6;3;11;4;1;2;0;1;4;14;2;10;12;5;3;17;2;1;1;12;19;1;20;9.245358659511027;7;9.597254963571519;1;3;10;6;16;0;0;6;6;19;2;6;13;3;8;2;6;3;20;1.6363072284313507;2;3;22;-4.4235619609549115;2;12;7;4.070160814009714;6;0;6;5;0;0;6;5;1;13;23;-6.29153198179722;3;1;1;23;0.2136856184187117;10;0;16;17;2;4;3;3;9;4;3;3;15;4;2;4;3;4;2;0;11;18;4;19;1;2;3;1;1;19;25;0;22;-4.799297456679438;18;3;3;1;23;9.231434919498906;13;0;2;2;5;11;6;10;1;3;20;-1.202937900321503;1;19;23;9.399774840990233;1;2;0;22;0.5642373439558988;8;2;19;20;6.807964716385143;4;6;11
TRACK:5;-1;-1;5;3;5;4;6;5;2;6;6;3;22;-8.307769228278243;0;3;4;24;3;1;16;17
TRACK:6;-1;-1;5;4;5;2;6;4;4;1;5;6;7;-1.7005643733772757;6;3;13;6;1;0;1;5;6;24;2;6;9;5;16;6;2;6;11;6;8;3;1;0;2;11;11;3;25;2;5;19;6;17
TRACK:7;-1;-1;5;5;6;5;6;6;5;1;2;3;14;1;19;22;9.92527923411918;3;4;7;9.32469245513811
TRACK:8;-1;-1;1;2;1;4;6;3;1;6;4;5;12;2;1;5;11;3;7;-5.652223112735655;1;5;25;1;17;20;6.329665388077501;4;2;1;3;0;6;5;13;6;2;10;9;6;0;2;6;14;4;24;6;1;8;7;2.2538800320268706;5;6;3;0;3;23;4.946854853383515;2;15;19;4;3;3;4;5;6;1;2;19;10;1;18;16;3;4;5;4;5;5;3;6;3;8
TRACK:9;-1;-1;3;3;1;6;5;0;4;3;2;6;20;-0.1191891832074532;2;17;12;0;5;4;3;7;8.443697228506341;1;5;1;24;14;0;1;10;24;4;24;0;6;5;6;2;1;1;22;6.231687633633886;18;0;21;1.2500024025309049;15;0;0;13;17;2;24;10;2;5;1;0;6;6;18;6;5;22;9.779191234066623;3;2;6;19;1;19;14;4;2;3;3;6;10;4;5;5;7;8.813283464666203
EVAL_INSTANCE:0:0:0
EVAL_INSTANCE:0:1:1
EVAL_INSTANCE:0:2:2
EVAL_INSTANCE:0:3:3
EVAL_INSTANCE:0:4:4
EVAL_INSTANCE:0:5:5
EVAL_INSTANCE:0:6:6
EVAL_INSTANCE:0:7:7
EVAL_INSTANCE:0:8:8
EVAL_INSTANCE:0:9:9
RUN_RESULT:0:0:0:2000:----
RUN_RESULT:0:1:0:2000:----
RUN_RESULT:0:2:0:2000:----
RUN_RESULT:0:3:0:2000:----
RUN_RESULT:0:4:0:2000:----
RUN_RESULT:0:5:0:1155:DDRDDLLDDD
RUN_RESULT:0:6:0:2000:----
RUN_RESULT:0:7:0:2000:----
RUN_RESULT:0:8:0:2000:----
RUN_RESULT:0:9:0:2000:----
=================================================
n_gen  |  n_eval  |     f_avg     |     f_min    
=================================================
     1 |       10 | -2.845000E+02 | -2.845000E+03
TRACK:10;5;7;5;3;5;4;2;3;14;1;19;22;9.92527923411918
TRACK:11;5;7;5;5;6;4;6;5;2;6;6;3;22;-8.307769228278243;0;3;4;24;3;1;16;17
TRACK:12;1;2;4;4;1;4;6;6;6;4;3;6;7;-0.49786029440080526;3;3;1;4;4;15;5;5;0;3;17;6;9
TRACK:13;1;2;0;5;6;5;2;5;3;1;6;4;21;3.993003872992677;1;2;21;6.80667443582044;10;0;23;-8.326541724112904;12;5;5;2;2;2;24;7;3.7270716746565657;1;18;15;3;5;8;0;1;3;4;0;2;6;1;0;10;22;-0.2459616174000363;4;14;6;0;3;21;2.0004166143851734;3;15;2;0;6;0;16;19;2;0;16;25;3;25;3;0;0;23;-9.443371188030053;10;1;10;25;6;6;1;6;6;3;6;13;2;5;3;6;7;-7.4388595759661325;6;5;1;11;12;3;4;1;4;6;2;4;4;15;6;5;18;0;5;3;1;5;10;5;13;5;6;6;4;14
TRACK:14;4;4;0;6;5;0;3;4;2;2;12;2;2;19;22;-7.046794908378306;4;22;-9.355573993592596;6;6;3;11;4;1;2;0;1;4;14;2;10;12;5;3;17;2;1;1;12;19;1;20;9.245358659511027;7;9.597254963571519;1;3;10;6;16;0;0;6;6;19;2;6;13;3;8;2;6;3;20;1.6363072284313507;2;3;22;-4.4235619609549115;2;12;7;4.070160814009714;6;0;6;5;0;0;6;5;1;13;23;-6.29153198179722;3;1;1;23;0.2136856184187117;10;0;16;17;2;4;3;3;9;4;3;3;15;4;2;4;3;4;2;0;11;18;4;19;1;2;3;1;1;19;25;0;22;-4.799297456679438;18;3;3;1;23;9.231434919498906;13;0;2;2;5;11;6;10;1;3;20;-1.202937900321503;1;19;23;9.399774840990233;1;2;0;22;0.5642373439558988;8;2;19;20;6.807964716385143;4;6;11
TRACK:15;4;4;0;6;5;0;3;4;2;2;0;4;21;-8.757842276615351;1;13;21;6.856394832035068;2;2;19;22;-7.046794908378306;4;22;-9.355573993592596;6;6;3;11;4;1;2;0;1;4;14;2;10;12;5;3;17;2;1;1;12;19;1;20;9.245358659511027;7;9.597254963571519;1;3;10;6;16;0;0;6;6;19;2;6;13;3;8;2;6;3;20;1.6363072284313507;2;3;25;2;12;7;4.070160814009714;6;0;6;5;0;0;6;5;1;13;23;-6.29153198179722;3;1;1;23;0.2136856184187117;10;0;16;17;2;4;3;3;9;4;3;3;15;4;2;4;3;4;2;0;11;18;4;19;1;2;3;1;1;19;25;0;22;-4.799297456679438;18;3;3;1;23;9.231434919498906;13;0;2;2;5;11;6;10;1;3;20;-1.202937900321503;1;19;23;9.399774840990233;1;2;0;22;0.5642373439558988;8;2;19;20;6.807964716385143;4;6;11
TRACK:16;5;9;5;3;5;4;6;10
TRACK:17;5;9;3;3;1;6;5;0;4;3;2;6;20;-0.1191891832074532;2;17;12;0;5;4;3;7;8.443697228506341;1;5;1;24;14;0;1;10;24;4;24;0;6;5;6;2;1;1;22;6.231687633633886;18;0;21;1.2500024025309049;15;0;0;13;17;2;24;10;2;5;1;0;6;6;18;6;17;3;2;6;19;1;19;14;4;2;3;3;6;10;4;5;5;7;8.813283464666203
TRACK:18;0;8;0;5;4;2;0;2;3;4;1;2;19;10;1;18;16;2;5;5;5;19;1;0;6;20;7.637249721113712;0;9;15;1;5;24;3;14;5;5;0;3;1;22;2.3383643479069676;22;8.943024876812032;4;2;23;0.050600907930839156;12;0;1;1;0;6;0;9;25;1;6;14;1;24;18;1;5;6;17;6;4;10;0;5;3;0;11;16;2;6;2;24;25;3;2;19;18;6;1;3;2;4;12;4;17;5;3;4;12;2;4;6;1;6;6;0;6;4;8;4;0;24;9;1;0;5;3;2;14;7;-2.2603706831667942;5;1;2;23;-8.382545448671987;22;-1.4005307479891336;6;18;6;2;4;2;20;-5.532324249084799;10;0;4;9;4;13;5;1;4;6;0;2;1;3;13;6;18;4;6;7;-5.159591759006743;1;4;2;13;20;-2.1161193535483225;5;6;24;6;0;6;1;5;2;21;8.079723811917805;8;0;5;25;4;9;5;4;5;5;21;-7.190897305414364
TRACK:19;0;8;1;2;1;4;6;3;1;6;4;5;12;2;1;5;11;3;7;-5.652223112735655;1;5;25;13;4;2;1;3;0;6;5;13;6;2;10;9;6;0;2;6;14;4;24;6;1;8;7;2.2538800320268706;5;6;3;0;3;23;4.946854853383515;2;15;19;4;3;3;4;5;6;1;2;19;10;1;18;16;3;4;5;4;5;5;3;6;3;8
TRACK:20;10;-1;5;3;5;4;2;3;0;1;6;5;10;4;1;22;4.287975048553461;16;0;6;0;19;12;1;4;25;6;25;1;19;22;10.0
TRACK:21;12;-1;4;0;4;0;3;5;1;3;4;21;2.3651225307106287;3;1;25;14;4;1;6;6;0;9;19;3;4;5;9;2;6;5;5;5;3;3;7;8.471206504953965;0;1;0;5;3;5;19;2;0;3;13;5;18;6;1;16;12;5;1;0;4;10;4;13;3;4;25;3;1;0;1;0;16;21;9.77869318919996;3;24;5;5;14;4;1;3;15;2;21;-8.204853116766525;11
TRACK:22;14;-1;0;6;5;0;3;4;2;2;12;2;2;19;22;-7.108530215504275;4;22;-9.355275256891742;6;6;3;11;4;1;2;0;1;4;14;2;25;12;5;3;17;2;1;1;12;19;1;20;9.13157271051515;7;9.565323318192924;1;3;10;6;16;0;0;6;6;19;2;6;13;3;8;2;6;3;20;1.5530988176976332;2;3;22;-4.599581727630026;2;12;7;4.16614606649169;6;0;6;5;0;0;6;5;1;13;23;-6.126701339485467;3;1;1;23;0.10551615691284533;10;0;16;17;2;4;3;3;9;4;3;3;15;4;2;4;3;4;2;0;11;18;4;19;1;2;3;1;1;19;25;0;22;-4.737683580364215;18;3;3;1;23;9.19083501374666;13;0;2;2;5;11;6;10;1;3;20;-1.1015239780419372;1;19;23;9.342882116211985;1;2;0;22;0.5329609530458056;8;2;19;20;6.723970873387213;4;6;11
TRACK:23;16;-1;5;3;5;4;2;6;4;4;4;20;-6.6706723895740065;1;6;5;1;9;12;3;3;1;16;10
TRACK:24;18;-1;0;5;4;2;0;2;3;4;1;2;19;10;1;18;16;2;5;5;5;19;1;0;6;20;7.50903176685977;0;9;15;1;5;24;3;14;5;5;0;3;1;22;2.1905926705029732;22;8.980125058400164;4;2;23;0.1424434494398666;12;0;1;1;0;6;0;9;25;1;6;14;1;24;18;1;5;6;17;6;4;10;0;5;3;0;11;16;2;6;2;24;25;3;2;19;18;6;1;3;2;4;12;4;17;5;3;4;12;2;4;6;1;6;6;0;6;4;8;4;0;24;9;1;0;5;3;2;14;7;-2.3524189285985253;5;1;2;23;-8.441321455919823;22;-1.4223724589433664;6;18;6;2;4;2;21;-6.8139894429378085;10;0;4;9;4;13;5;1;4;6;0;2;1;3;13;6;18;4;6;7;-5.081711226555804;1;4;2;13;20;-2.0339014418498325;5;6;24;6;0;6;1;5;2;21;8.1696153378495;8;0;5;25;4;9;5;4;5;5;21;-7.239652039318292
TRACK:25;11;-1;5;5;6;4;6;5;2;6;6;3;22;-8.233963439531646;0;3;2;7;9.58116269697831;23;5.716220330848811;3;1;16;17
TRACK:26;13;-1;0;5;6;5;2;5;3;1;6;4;21;3.8239107079440355;1;2;21;6.751121112333966;10;0;23;-8.300278184327711;12;5;5;2;2;2;24;7;3.7830916154402194;1;18;17;3;5;8;0;1;3;4;0;2;6;1;0;10;22;-0.3242962025952746;4;14;6;0;3;21;2.0239892934992025;3;15;2;0;6;0;16;19;2;0;16;25;3;25;3;0;0;23;-9.546169273747571;10;1;10;25;6;6;1;6;6;3;6;13;2;5;3;6;7;-7.544418246233429;6;5;1;11;12;3;4;1;4;6;2;4;4;15;6;5;18;0;5;3;1;5;10;5;13;5;6;6;4;14
TRACK:27;15;-1;0;6;5;0;3;4;2;1;3;9;3;15;6;6;3;11;4;1;2;0;1;4;14;2;10;12;5;3;17;2;1;1;12;19;1;20;9.156262836482101;7;9.600165050504156;1;3;10;6;16;0;0;6;6;19;2;6;13;3;8;2;6;3;20;1.6397190654103933;2;3;25;2;12;7;4.1607028356533;6;0;6;5;0;0;6;5;1;13;23;-6.405311237646305;3;1;1;23;0.279883271168756;10;0;16;17;2;4;3;3;9;4;3;3;15;4;2;4;3;4;2;0;11;18;4;19;1;2;3;1;1;19;25;0;22;-5.065488760461003;18;3;3;1;23;9.273419373296866;13;0;2;2;5;11;6;10;1;3;20;-1.2107595978901844;1;19;23;9.423553739913352;1;2;0;22;0.7258454700826197;8;2;19;20;6.906685187935119;4;6;11
TRACK:28;17;-1;3;3;1;6;5;0;4;3;2;6;20;-0.1290938719039454;3;21;-9.505239768072961;0;5;4;3;7;8.562010191373128;1;5;1;24;14;0;1;10;24;4;24;0;6;5;6;2;1;1;22;6.253378044999055;18;0;21;1.2174341889564313;15;0;0;13;17;2;24;10;2;5;1;0;6;6;18;6;17;3;2;6;19;1;19;14;4;2;3;3;6;10;4;5;5;7;8.806556441520303
TRACK:29;19;-1;1;2;1;4;6;3;1;6;4;5;12;2;1;5;11;3;7;-5.581132264837996;1;5;25;13;4;2;1;3;0;6;5;13;6;2;10;9;6;0;2;6;14;4;18;6;1;8;7;2.2249135503192536;5;6;3;0;3;23;5.101493609169866;2;15;19;4;3;3;4;5;6;1;2;19;10;1;18;16;3;4;5;4;5;5;3;6;3;8
EVAL_INSTANCE:1:0:20
EVAL_INSTANCE:1:1:21
EVAL_INSTANCE:1:2:22
EVAL_INSTANCE:1:3:23
EVAL_INSTANCE:1:4:24
EVAL_INSTANCE:1:5:25
EVAL_INSTANCE:1:6:26
EVAL_INSTANCE:1:7:27
EVAL_INSTANCE:1:8:28
EVAL_INSTANCE:1:9:29
RUN_RESULT:1:0:0:2000:----
RUN_RESULT:1:1:0:2000:----
RUN_RESULT:1:2:0:2000:----
RUN_RESULT:1:3:0:2000:----
RUN_RESULT:1:4:0:2000:----
RUN_RESULT:1:5:0:2000:----
RUN_RESULT:1:6:0:2000:----
RUN_RESULT:1:7:0:2000:----
RUN_RESULT:1:8:0:2000:----
RUN_RESULT:1:9:0:2000:----
     2 |       20 | -2.845000E+02 | -2.845000E+03
TRACK:30;4;3;0;6;5;0;3;4;2;2;0;4;21;-8.757842276615351;1;13;21;6.856394832035068;2;2;19;22;-7.046794908378306;4;22;-9.355573993592596;6;6;3;11;4;1;2;0;1;4;14;2;10;12;5;3;17;2;1;1;12;19;1;20;9.245358659511027;7;9.597254963571519;1;3;10;6;16;0;0;6;6;19;2;6;13;3;8;2;6;3;20;1.6363072284313507;2;3;22;-4.4235619609549115;2;12;9;6;0;6;5;0;0;6;5;1;13;23;-6.29153198179722;3;1;1;23;0.2136856184187117;10;0;16;17;2;4;3;3;9;4;3;3;15;4;2;4;3;4;2;0;11;18;4;19;1;2;3;1;1;19;25;0;22;-4.799297456679438;18;3;3;1;23;9.231434919498906;13;0;2;2;5;11;6;10;1;3;20;-1.202937900321503;1;19;23;9.399774840990233;1;2;0;22;0.5642373439558988;8;2;19;20;6.807964716385143;4;6;11
TRACK:31;4;3;4;2;2;3;1;3;5;1;3;1;25;22;1.4794496856543127;2;2;24;22;6.226597722405966;3;11;2;5;2;2;6;12;1;10;24;5;2;25;22;5.701700297122034;6;4;5;3;24;0;0;0;2;2;3;1;22;7.734476756192489;8;6;0;7;-9.187375553526941;7;0.37564210330720016;4;1;1;12;15;0;11;19;0;3;2;6;24;6;23;-6.460779658554932;0;4;5;23;-4.879687763109819;1;6;24;2;25;9;1;5;0;6;1;14;23;1.455205110834557;2;3;9;5;17;3;0;6;3;24;4;0;22;-1.5927591768616178;22;7.397714785382849;0;1;0;0;4;3;13;2;3;18;2;19;7;-0.5594347923604168;1;6;6;24;1;0;11;24;0;21;1.93490576190751;7;2.3465916692651323;3;6;1;0;11;25;6;22;-3.0200364479527746;5;5;5;3;4;15;6;1;0;1;3;3;0;0;17;18;4;11;1;5;5;1;7;3.6964837936480226;24;4;6;6;15;4;1;5;2;5;20;-0.736820403872569;6;13;2;2;5;25;4;20;9.245358659511027;1;4;22;-1.758402903519956;5;7;5.132366368111237;6;6;4;6;2;4;9;5;10
TRACK:32;5;6;5;3;5;4;6;5;2;6;6;3;22;-8.307769228278243;0;3;4;13;3;1;16;17
TRACK:33;5;6;5;4;6;5;2;6;6;3;22;-8.307769228278243;0;3;4;24;3;1;16;17
TRACK:34;8;2;1;2;1;4;6;3;1;6;4;5;12;2;1;5;11;3;7;-5.652223112735655;1;5;25;1;17;20;6.329665388077501;4;2;1;25;6;0;2;6;14;4;24;6;1;8;7;2.2538800320268706;5;6;3;0;3;23;4.946854853383515;2;15;19;4;3;3;4;5;6;1;2;19;10;1;18;16;3;4;5;4;5;5;3;6;3;8
TRACK:35;8;2;0;5;6;5;2;5;3;1;6;4;21;3.993003872992677;1;1;8;7;2.2538800320268706;0;23;-8.326541724112904;12;5;5;2;2;2;24;7;3.7270716746565657;1;9;15;3;5;8;0;1;3;4;0;2;6;1;0;10;22;-0.2459616174000363;4;14;6;0;3;21;2.0004166143851734;3;15;2;0;6;0;16;19;2;0;16;25;3;25;3;0;0;23;-9.443371188030053;10;1;10;25;6;6;1;6;6;3;6;13;2;5;3;6;7;-7.4388595759661325;6;5;1;11;12;3;4;1;4;6;2;4;4;15;6;5;18;0;5;3;1;5;10;5;13;5;6;6;4;14
TRACK:36;0;3;0;5;4;2;0;2;3;4;2;1;12;20;-6.588577273650169;2;20;3.595085590938808;21;-2.5871504209055036;2;5;5;5;19;1;0;6;20;7.637249721113712;0;9;15;1;5;24;3;14;5;5;0;3;1;22;2.3383643479069676;22;8.943024876812032;4;2;23;0.050600907930839156;12;0;1;1;0;6;0;9;25;1;6;14;1;24;18;1;5;6;17;6;4;10;0;5;3;0;11;16;2;6;2;24;25;3;2;19;18;6;1;3;2;4;12;4;17;5;3;4;12;2;4;6;1;6;6;0;6;4;8;4;0;24;9;1;0;5;3;2;14;7;-2.2603706831667942;5;1;2;23;-8.382545448671987;22;-1.4005307479891336;6;18;6;2;4;2;20;-5.532324249084799;10;0;4;9;4;13;5;1;4;6;0;2;1;3;13;6;18;4;6;7;-5.159591759006743;1;4;2;13;20;-2.1161193535483225;5;6;24;6;5;2;2;6;12;1;10;24;5;2;25;22;5.701700297122034
TRACK:37;0;3;4;2;2;3;1;3;5;1;3;1;25;22;1.4794496856543127;2;2;24;22;6.226597722405966;3;11;2;5;2;2;6;12;1;10;24;5;2;25;22;5.701700297122034;6;4;5;3;24;0;0;0;2;2;3;1;22;7.734476756192489;8;6;0;7;-9.187375553526941;7;0.37564210330720016;4;1;1;12;15;0;11;19;0;3;2;6;24;6;23;-6.460779658554932;0;4;5;23;-4.879687763109819;1;6;24;2;25;9;1;5;0;6;1;14;23;1.455205110834557;2;3;9;5;17;3;0;6;3;24;4;0;22;-1.5927591768616178;22;7.397714785382849;0;1;0;0;4;3;13;2;3;18;2;19;7;-0.5594347923604168;1;6;6;24;1;0;11;24;0;21;1.93490576190751;7;2.3465916692651323;3;6;1;0;11;25;6;22;-3.0200364479527746;5;5;5;3;4;15;6;1;0;1;3;3;0;0;17;18;4;11;1;5;5;1;7;3.6964837936480226;24;4;6;6;15;4;1;5;2;5;20;-0.736820403872569;6;13;2;2;5;25;4;14;1;6;20;7.637249721113712;5;7;5.132366368111237;6;6;4;6;2;4;9;5;10
TRACK:38;1;5;4;4;1;4;6;6;6;4;3;6;7;-0.49786029440080526;3;3;1;0;5;1;6;16;6;12;1;2;6;10;3;19;1;3;18;6;11;6;6;3;22;-8.307769228278243
TRACK:39;1;5;5;3;5;4;6;5;2;6;6;3;22;-8.307769228278243;0;3;4;7;-0.49786029440080526;3;1;16;17
TRACK:40;30;-1;0;6;5;0;3;4;2;2;0;4;21;-8.73689016982665;1;13;21;6.8388072028508615;2;2;19;22;-6.930510259248772;4;22;-9.541593476538345;6;6;3;11;4;1;2;0;1;4;14;2;10;12;5;3;17;2;1;1;12;19;1;20;9.186763750638281;7;9.520107335277773;1;3;10;6;16;0;0;6;6;19;2;6;13;3;8;2;0;12;10;2;3;22;-4.384241600496015;2;12;9;6;0;6;5;0;0;6;5;1;13;23;-6.176148487323365;3;1;1;23;0.3277175360401948;10;0;16;17;2;4;3;3;9;4;3;3;15;4;2;4;3;4;2;0;11;18;4;19;1;2;3;1;1;19;25;0;22;-4.786168339205782;18;3;3;1;23;9.135401625103754;13;0;2;2;5;11;6;10;1;3;20;-1.203074637115669;1;19;23;9.444936303952808;1;2;0;22;0.6009536888617447;8;2;19;20;6.871049953561718;4;6;11
TRACK:41;32;-1;5;3;5;4;6;5;2;6;6;3;22;-8.218879868752602;0;3;4;13;3;5;15
TRACK:42;34;-1;1;2;1;4;6;3;1;6;4;5;12;2;1;5;11;3;7;-5.46983884145314;1;5;25;1;17;20;6.240727370043043;4;2;1;25;6;0;2;6;14;4;24;6;1;8;7;2.2308494502329195;5;6;3;0;3;23;4.983878649140966;2;15;19;4;3;3;4;5;6;1;2;19;10;1;18;16;3;4;6;5;3;1;0;14;20;-2.878147809497335;5;19
TRACK:43;36;-1;0;3;5;4;24;2;3;6;18;6;6;11
TRACK:44;38;-1;4;4;1;4;6;6;6;4;3;6;7;-0.5089686496124834;3;3;1;0;5;1;6;16;6;12;1;2;6;10;3;19;0;1;8;10;2;9;25;6;6;3;22;-8.21762807900234
TRACK:45;31;-1;4;2;2;3;1;3;5;1;3;1;25;22;1.3920425869459951;2;2;24;22;6.144285979324565;3;11;2;5;2;2;6;12;1;10;24;5;2;25;22;5.601817741566192;6;4;5;3;24;0;0;0;2;2;3;1;22;7.634111864638973;8;6;0;7;-9.261083181899494;7;0.2906618990808922;4;1;1;12;15;0;11;19;0;3;2;6;24;6;23;-6.642696677894556;0;4;5;23;-4.9682355419250515;1;6;24;2;25;9;1;5;0;6;1;14;23;1.3641869569519822;2;3;9;5;17;3;0;6;3;24;4;0;22;-1.629300566132697;22;7.322547341218112;0;1;0;0;4;3;13;2;3;18;2;19;7;-0.6503185609368549;1;6;6;24;1;0;11;24;0;21;1.9229771153639503;7;2.255263748849475;3;6;1;0;11;25;6;22;-2.8233060732744817;5;5;5;3;4;15;6;1;0;1;3;3;0;0;17;18;4;11;1;5;5;1;7;3.852248329923093;24;4;6;6;15;4;1;5;2;5;20;-0.6046068238431711;6;13;2;2;5;25;4;20;9.234702371805936;1;4;9;5;7;5.283843306130733;6;6;4;6;2;4;9;5;10
TRACK:46;33;-1;5;4;6;5;2;6;6;4;7;-3.5343764940322426;0;3;4;24;3;1;16;17
TRACK:47;35;-1;0;5;6;5;2;5;3;1;6;4;21;3.9345345243492367;1;1;8;7;2.319383696982462;0;23;-8.302958828578122;12;5;5;2;2;2;24;7;3.807015754562534;1;9;15;3;5;8;0;1;3;4;0;2;6;1;0;10;22;-0.156501464818799;4;14;6;0;3;21;1.9802292925967835;3;15;2;0;6;0;16;19;2;0;16;25;3;25;3;0;0;23;-9.561568387353022;10;1;10;25;6;6;1;6;6;3;6;13;2;5;3;6;7;-7.479679948976663;6;5;1;11;12;3;4;1;4;6;2;4;4;15;6;5;18;0;5;3;1;2;17;12;5;13;5;6;6;4;14
TRACK:48;37;-1;4;2;2;3;1;3;5;1;3;1;25;22;1.5909055818713214;2;2;24;22;6.138670679618157;3;11;2;5;2;2;6;12;1;10;24;5;2;25;22;5.681775430930809;6;4;5;14;0;0;0;2;2;3;1;22;7.573269412446974;8;6;0;7;-9.158220450398467;7;0.3462280451529117;4;1;1;12;15;0;11;19;0;3;2;6;24;6;23;-6.529348098174026;0;4;5;23;-4.956151046604825;1;6;24;2;25;9;1;5;0;6;1;14;23;1.553692814914955;2;3;9;5;17;3;0;6;3;24;4;0;22;-1.5580596140417127;22;7.484590188310624;0;1;0;0;4;3;13;2;3;18;2;19;7;-0.5550523763305162;1;6;6;24;1;0;11;24;0;21;1.921817329982997;7;2.2316334454098223;3;6;1;0;11;25;6;22;-3.0234036744178754;5;5;5;3;4;15;6;1;0;1;3;3;0;0;17;18;4;11;1;5;5;1;7;3.748161905857421;24;4;6;6;15;4;1;5;2;5;20;-0.7033485781458653;6;13;2;2;5;25;4;14;1;6;20;7.667258424606966;5;7;5.079178529264669;6;6;4;6;2;4;9;5;10
TRACK:49;39;-1;5;2;4;1;4;7;8.985184759369048;5;12;1;1;1;24;18;1;9;8;0;4;17;4;15
EVAL_INSTANCE:2:0:40
EVAL_INSTANCE:2:1:41
EVAL_INSTANCE:2:2:42
EVAL_INSTANCE:2:3:43
EVAL_INSTANCE:2:4:44
EVAL_INSTANCE:2:5:45
EVAL_INSTANCE:2:6:46
EVAL_INSTANCE:2:7:47
EVAL_INSTANCE:2:8:48
EVAL_INSTANCE:2:9:49
RUN_RESULT:2:0:0:2000:----
RUN_RESULT:2:1:0:1244:DDLWWWWDDD
RUN_RESULT:2:2:0:2000:----
RUN_RESULT:2:3:0:2000:----
RUN_RESULT:2:4:0:2000:----
RUN_RESULT:2:5:0:2000:----
RUN_RESULT:2:6:0:1588:DDRDDLLDDD
RUN_RESULT:2:7:0:2000:----
RUN_RESULT:2:8:0:2000:----
RUN_RESULT:2:9:0:2000:----
     3 |       30 | -8.013000E+02 | -2.845000E+03
TRACK:50;5;7;5;3;5;4;6;5;2;6;6;7;9.32469245513811;0;3;4;24;3;1;16;17
TRACK:51;5;7;5;5;6;5;6;6;5;1;16;17
TRACK:52;46;4;5;23;9.231434919498906
TRACK:53;46;4;0;6;5;0;3;4;2;2;0;4;21;-8.757842276615351;1;13;21;6.856394832035068;2;2;19;22;-7.046794908378306;4;22;-9.355573993592596;6;6;4;7;-3.5343764940322426;4;1;2;0;1;4;14;2;10;12;5;3;17;2;1;1;12;19;1;20;9.245358659511027;7;9.597254963571519;1;3;10;6;16;0;0;6;6;19;2;6;13;3;8;2;6;3;20;1.6363072284313507;2;3;22;-4.4235619609549115;2;12;7;4.070160814009714;6;0;6;5;0;0;6;5;1;13;23;-6.29153198179722;3;1;1;23;0.2136856184187117;10;0;16;17;2;4;3;3;9;4;3;3;15;4;2;4;3;4;2;0;11;18;4;19;1;2;3;1;1;19;25;0;22;-4.799297456679438;18;3;3;1;23;9.231434919498906;13;0;2;2;5;11;6;10;1;3;20;-1.202937900321503;1;19;23;9.399774840990233;1;2;0;22;0.5642373439558988;8;2;19;20;6.807964716385143;4;6;11
TRACK:54;2;7;0;5;6;5;2;5;3;1;6;4;21;3.993003872992677;1;2;21;6.80667443582044;10;0;23;-8.326541724112904;12;5;5;2;2;2;24;7;3.7270716746565657;1;9;15;3;5;8;0;1;3;4;0;2;6;1;0;10;22;-0.2459616174000363;4;14;6;2;3;14;1;19;22;9.92527923411918;2;0;6;0;16;19;2;0;16;25;3;25;3;0;0;23;-9.443371188030053;10;1;10;25;6;6;1;6;6;3;6;13;2;5;3;6;7;-7.4388595759661325;6;5;1;11;12;3;4;1;4;6;2;4;4;15;6;5;18;0;5;3;1;5;10;5;13;5;6;6;4;14
TRACK:55;2;7;5;5;6;5;6;6;5;1;2;3;14;1;19;22;9.92527923411918;3;14
TRACK:56;5;41;5;3;5;4;6;5;2;6;6;22;-8.218879868752602;0;3;4;24;3;1;16;17
TRACK:57;5;41;5;3;5;24
TRACK:58;46;4;5;4;4;21;-8.757842276615351
TRACK:59;46;4;0;6;2;6;6;4;7;-3.5343764940322426;0;3;4;24;3;1;16;17;6;0;6;5;0;0;6;5;1;13;23;-6.29153198179722;3;1;1;23;0.2136856184187117;10;0;16;17;2;4;3;3;9;4;3;3;15;4;2;4;3;4;2;0;11;18;4;19;1;2;3;1;1;19;25;0;22;-4.799297456679438;18;3;3;1;23;9.231434919498906;13;0;2;2;5;11;6;10;1;3;20;-1.202937900321503;1;19;23;9.399774840990233;1;2;0;22;0.5642373439558988;8;2;19;20;6.807964716385143;4;6;11
TRACK:60;5;-1;5;3;5;4;6;5;2;6;6;2;14;24;0;3;4;24;3;1;16;17
TRACK:61;46;-1;5;4;6;5;2;6;6;4;7;-3.489368707102566;0;3;4;24;3;6;9
TRACK:62;54;-1;0;5;6;5;2;5;3;1;6;4;21;3.9707371297891236;1;2;21;6.646550983175429;10;0;23;-8.240680940327064;12;5;5;2;2;2;24;7;3.993840593176611;1;9;15;3;5;8;0;1;3;4;0;2;6;1;0;10;22;-0.14312379763341174;4;21;-4.728517448240879;6;2;3;14;1;19;22;9.910638075252901;2;0;6;0;16;19;2;0;16;25;3;25;3;0;0;23;-9.603672592524612;10;1;10;25;6;6;1;6;6;3;6;13;2;5;3;6;7;-7.429639362330211;6;5;1;11;12;3;4;1;4;6;2;4;4;15;6;5;18;0;5;3;1;5;10;5;13;5;6;6;4;14
TRACK:63;56;-1;5;3;5;4;6;5;2;6;6;22;-8.235991410988083;0;3;4;24;3;1;8;17
TRACK:64;58;-1;5;4;0;6;3;3;6;5;0;8;25;3;0;4;3;4;1;9;12;6;0;5;6;20;-6.091366266444618;0;0;18;19;6;24
TRACK:65;7;-1;5;5;6;5;6;6;5;1;2;3;14;1;19;22;9.927403286754426;3;6;25
TRACK:66;4;-1;0;6;5;0;3;4;2;2;0;4;21;-8.788817826155547;1;12;21;6.7846160641952755;2;2;19;22;-7.061518184234257;4;22;-9.387421829162369;6;6;3;11;4;1;2;0;1;4;14;2;10;12;5;3;17;2;1;1;12;19;1;20;9.243305047608622;7;9.456420837973047;1;3;10;6;16;0;0;6;6;19;2;6;13;3;8;2;6;3;20;1.444900048071908;2;3;22;-4.570957472099417;2;12;7;3.863638086944177;6;0;6;5;0;0;6;5;1;13;23;-6.235067848001931;3;1;1;23;0.11580987688510597;10;0;16;17;2;4;3;3;9;4;3;3;15;4;2;4;3;4;2;0;11;18;4;19;1;2;3;1;1;19;25;0;22;-4.925716134190288;18;3;3;1;23;9.229635715228946;13;0;2;2;5;11;6;10;1;3;20;-1.2106789298180554;1;19;23;9.452538278193657;1;2;0;22;0.5883429009593868;8;2;19;20;6.674928313759481;4;6;11
TRACK:67;55;-1;5;5;6;5;6;6;5;1;22;1.2081438549661865;7;-6.949507143539186
TRACK:68;57;-1;5;5;5;0;2;16;11;6;20;4.864633679590087
TRACK:69;59;-1;0;6;2;6;6;4;7;-3.4481590552246475;0;3;4;24;3;1;16;17;6;0;6;5;0;0;6;5;1;13;23;-6.28683037189745;3;1;1;23;0.046676010850400296;10;0;16;9;2;4;3;3;9;4;3;3;15;4;2;4;3;4;2;0;11;18;4;19;1;2;3;1;1;19;25;0;22;-4.725342289180148;18;3;3;1;23;9.147296696794355;13;0;2;2;5;11;6;10;1;3;20;-1.2520428211038062;1;19;23;9.379995782563068;1;2;0;22;0.425656837547629;8;2;19;20;6.745347686220032;4;6;11
EVAL_INSTANCE:3:0:60
EVAL_INSTANCE:3:1:61
EVAL_INSTANCE:3:2:62
EVAL_INSTANCE:3:3:63
EVAL_INSTANCE:3:4:64
EVAL_INSTANCE:3:5:65
EVAL_INSTANCE:3:6:66
EVAL_INSTANCE:3:7:67
EVAL_INSTANCE:3:8:68
EVAL_INSTANCE:3:9:69
RUN_RESULT:3:0:0:2000:----
RUN_RESULT:3:1:0:2000:----
RUN_RESULT:3:2:0:2000:----
RUN_RESULT:3:3:0:2000:----
RUN_RESULT:3:4:0:2000:----
RUN_RESULT:3:5:0:2000:----
RUN_RESULT:3:6:0:2000:----
RUN_RESULT:3:7:0:2000:----
RUN_RESULT:3:8:0:2000:----
RUN_RESULT:3:9:0:2000:----
     4 |       40 | -8.013000E+02 | -2.845000E+03
TRACK:70;0;46;0;5;4;2;0;2;3;4;2;1;12;20;-6.588577273650169;2;20;3.595085590938808;21;-2.5871504209055036;2;5;5;5;19;1;0;6;20;7.637249721113712;0;9;15;1;5;24;3;14;5;5;0;3;1;22;2.3383643479069676;22;8.943024876812032;4;2;23;0.050600907930839156;12;0;1;1;0;6;0;9;25;1;6;14;1;24;18;1;5;6;17;6;4;10;0;5;3;0;11;16;2;6;2;24;25;3;2;19;18;6;1;3;2;4;12;4;17;5;3;4;12;2;4;6;1;6;6;0;6;4;8;4;0;24;9;1;0;5;3;2;14;7;-2.2603706831667942;5;16;6;2;4;2;20;-5.532324249084799;10;0;4;9;4;13;5;1;4;6;0;2;1;3;13;6;18;4;6;7;-5.159591759006743;1;4;2;13;20;-2.1161193535483225;5;6;24;6;0;6;1;5;2;21;8.079723811917805;8;0;5;25;4;9;5;4;5;5;21;-7.190897305414364
TRACK:71;0;46;5;4;6;5;2;6;6;5;5;5;19;0;3;4;24;3;1;16;17
TRACK:72;2;5;0;5;6;5;2;5;3;1;6;4;21;3.993003872992677;1;2;21;6.80667443582044;10;0;23;-8.326541724112904;12;5;5;2;2;2;24;7;3.7270716746565657;1;9;15;3;5;8;0;1;3;4;0;2;6;1;0;10;22;-0.2459616174000363;4;14;6;0;3;21;2.0004166143851734;3;15;2;0;6;0;16;19;2;0;16;25;3;25;3;0;0;23;-9.443371188030053;10;1;10;25;6;6;1;6;6;3;6;13;2;5;3;4;24;6;5;1;11;12;3;4;1;4;6;2;4;4;15;6;5;18;0;5;3;1;5;10;5;13;5;6;6;4;14
TRACK:73;2;5;5;3;5;4;6;5;2;6;6;3;22;-8.307769228278243;1;6;4;21;3.993003872992677;1;2;21;6.80667443582044;10;0;23;-8.326541724112904;12
TRACK:74;6;41;5;4;5;2;6;4;4;1;5;6;7;-1.7005643733772757;6;3;13;6;6;3;22;-8.218879868752602
TRACK:75;6;41;5;3;1;5;6;24;2;6;9;5;16
TRACK:76;4;46;0;6;5;0;3;4;2;2;0;4;21;-8.757842276615351;1;13;21;6.856394832035068;2;2;19;22;-7.046794908378306;4;22;-9.355573993592596;6;6;3;11;4;1;2;0;1;4;14;2;10;12;5;3;17;2;1;1;12;19;1;20;9.245358659511027;7;9.597254963571519;1;3;10;6;16;0;0;6;6;19;2;6;13;3;8;2;6;3;20;1.6363072284313507;6;4;7;-3.5343764940322426;6;0;6;5;0;0;6;5;1;13;23;-6.29153198179722;3;1;1;23;0.2136856184187117;10;0;16;17;2;4;3;3;9;4;3;3;15;4;2;4;3;4;2;0;11;18;4;19;1;2;3;1;1;19;25;0;22;-4.799297456679438;18;3;3;1;23;9.231434919498906;13;0;2;2;5;11;6;10;1;3;20;-1.202937900321503;1;19;23;9.399774840990233;1;2;0;22;0.5642373439558988;8;2;19;20;6.807964716385143;4;6;11
TRACK:77;4;46;5;4;6;5;2;6;6;19;0;3;4;24;3;1;16;17
TRACK:78;6;5;5;4;5;2;6;4;17;6;1;0;1;5;6;24;2;6;9;5;16;6;2;6;11;6;8;3;1;0;2;11;11;3;25;2;5;19;6;17
TRACK:79;6;5;5;3;5;4;6;5;2;6;6;3;22;-8.307769228278243;0;8;3;1;16;17
TRACK:80;70;-1;0;5;4;2;0;2;3;4;2;1;12;20;-6.800935465375631;2;20;3.6249516289610284;21;-2.635624815603208;2;5;5;5;19;1;0;6;20;7.7680180878982155;0;9;15;1;5;24;3;14;5;5;0;3;1;22;2.3593061874135857;22;8.841296088498757;4;2;23;0.008658762465593571;12;0;1;1;0;6;0;9;25;1;6;14;1;24;18;1;5;6;17;6;4;10;0;5;3;0;11;16;2;6;2;24;25;3;2;19;18;6;1;3;2;4;12;4;17;5;3;4;12;2;4;6;1;6;6;0;6;4;8;4;0;24;9;1;0;5;3;2;14;7;-2.2984220525872936;5;16;6;2;4;2;20;-5.515266788687048;10;0;4;9;4;13;5;1;4;6;0;2;1;3;13;6;18;4;6;7;-5.239391485728163;1;4;0;11;17;5;6;24;6;0;6;1;5;2;21;8.076133909976633;8;0;5;25;4;9;5;4;5;5;21;-7.37054617150783
TRACK:81;72;-1;0;5;6;5;2;5;3;1;6;4;21;4.012866658494016;1;2;21;6.938794503659924;10;0;23;-8.263502221611564;12;5;5;2;2;2;24;7;3.582227230151488;1;9;15;3;5;8;0;1;3;4;0;2;6;1;0;10;22;-0.2777052211804079;4;14;6;0;3;21;1.8668237932685798;0;15;14;2;0;6;0;16;19;2;0;16;25;3;25;3;0;0;23;-9.476590743320967;10;1;10;25;6;6;1;6;6;3;6;13;2;5;3;4;24;6;5;1;11;12;3;4;1;4;6;2;4;4;15;6;5;18;0;5;3;1;5;10;5;13;5;6;6;4;14
TRACK:82;74;-1;5;4;5;2;6;4;4;1;5;2;15;12;6;3;13;6;6;3;22;-8.209343926866513
TRACK:83;4;-1;0;6;5;0;3;4;2;2;0;4;21;-8.866319870783164;1;13;21;7.050193889255278;2;2;19;22;-6.9477548476403745;4;22;-9.592457386971322;6;6;3;11;4;1;2;0;1;4;14;2;10;12;5;3;17;2;1;1;12;19;1;20;9.171369891164467;7;9.606482636050067;1;3;10;6;16;0;0;6;6;19;2;6;13;3;8;2;6;3;20;1.5512924236868333;2;3;22;-4.429068330524867;2;12;7;4.157264776448683;6;0;6;5;0;0;6;5;1;13;23;-6.387078975653696;3;1;1;23;-2.8988511269879353;10;0;16;17;2;4;3;3;9;4;3;3;15;4;2;4;3;4;2;0;11;18;4;19;1;2;3;1;1;19;25;0;22;-4.685212626914499;18;3;3;1;23;9.363204394684947;13;0;2;2;5;11;6;10;1;3;20;-1.1593536965002376;1;19;23;9.544520623041963;1;2;0;22;0.5371455262892101;8;2;19;20;6.8979384935245935;4;6;11
TRACK:84;78;-1;5;4;5;2;6;4;17;6;1;0;1;5;6;24;2;6;9;5;16;6;2;6;14;6;8;3;1;0;2;11;11;3;25;2;5;19;6;17
TRACK:85;71;-1;5;4;6;5;2;6;6;5;5;5;19;0;3;4;5;1;8;17;3;1;16;17
TRACK:86;73;-1;5;3;5;4;6;5;5;4;0;21;-9.518614594898143;21;7.102599284350351
TRACK:87;75;-1;5;1;6;3;2;4;6;2;6;9;5;20;1.5218235070285768;2;6;5;4;24;6;1;0;21;-1.6879779818529386;9;5;7;-2.4803553642616887;3;3;3;6;0;3;6;18;2;3;20;-7.684270513984027;5;23;-6.727800519508005
TRACK:88;46;-1;5;4;6;5;2;6;6;4;7;-3.6913338256350077;0;3;4;24;3;1;16;1;1;20;-3.8463099763227815;16;5;10
TRACK:89;79;-1;5;3;5;4;0;3;4;3;6;6;19;3;4;3;2;5;13;6;15
EVAL_INSTANCE:4:0:80
EVAL_INSTANCE:4:1:81
EVAL_INSTANCE:4:2:82
EVAL_INSTANCE:4:3:83
EVAL_INSTANCE:4:4:84
EVAL_INSTANCE:4:5:85
EVAL_INSTANCE:4:6:86
EVAL_INSTANCE:4:7:87
EVAL_INSTANCE:4:8:88
EVAL_INSTANCE:4:9:89
RUN_RESULT:4:0:0:2000:----
RUN_RESULT:4:1:0:2000:----
RUN_RESULT:4:2:0:2000:----
RUN_RESULT:4:3:0:2000:----
RUN_RESULT:4:4:0:2000:----
RUN_RESULT:4:5:0:554:DDLULUUDLLLDDD
RUN_RESULT:4:6:0:2000:----
RUN_RESULT:4:7:0:2000:----
RUN_RESULT:4:8:0:2000:----
RUN_RESULT:4:9:0:1972:DDLWWWWDDD
     5 |       50 | -1.348700E+03 | -3.446000E+03
TRACK:90;5;89;5;3;5;4;6;5;2;19;0;3;4;24;3;1;16;17
TRACK:91;5;89;5;3;5;4;0;3;4;3;6;6;19;3;4;3;2;5;13;1;16;17
TRACK:92;46;85;5;4;6;5;2;6;6;4;7;-3.5343764940322426;0;3;4;24;3;17
TRACK:93;46;85;5;4;6;5;2;6;6;5;5;17;0;3;4;5;1;8;17;3;1;16;17
TRACK:94;41;5;5;3;5;4;6;5;2;6;6;3;22;-8.218879868752602;16
TRACK:95;41;5;5;3;5;4;6;5;2;6;6;4;13;0;3;4;24;3;1;16;17
TRACK:96;1;46;4;4;1;4;6;6;6;4;3;6;7;-0.49786029440080526;3;3;1;0;4;24;1;2;6;10;3;19;1;3;18;6;11;5;5;0;3;17;6;9
TRACK:97;1;46;5;4;6;6;4;3;6;7;-0.49786029440080526
TRACK:98;85;89;5;4;6;5;2;6;6;5;13;0;3;4;5;1;8;17;3;1;16;17
TRACK:99;85;89;5;3;5;4;0;3;4;3;6;6;19;3;4;3;2;17;6;15
TRACK:100;90;-1;5;3;5;4;6;5;2;19;0;3;0;23;-4.261925381213363;22;9.575573921321133;3;1;16;17
TRACK:101;92;-1;5;4;6;5;2;6;6;4;7;-3.575418147940843;0;3;2;2;0;17;12;2;21;9.501172993338507;17;0;1;11;16;0;9;19;3;17
TRACK:102;94;-1;5;0;5;25;3;21;-7.520779547728019
TRACK:103;96;-1;4;4;1;4;6;6;6;4;3;6;7;-0.5115290000865226;3;3;1;0;4;24;1;2;6;10;3;19;1;3;18;6;11;5;5;0;3;17;2;10;9
TRACK:104;98;-1;5;4;6;5;2;6;6;5;13;0;3;4;5;1;8;17;5;5;22;-9.28324981811767
TRACK:105;91;-1;5;3;5;4;0;3;4;3;6;6;19;3;4;3;2;5;13;6;16
TRACK:106;93;-1;5;0;5;4;2;23;7.993571806754762;10;0;0;3;18;3;16;5;1;19;23;-3.405308524519006
TRACK:107;95;-1;5;3;5;4;6;5;2;6;3;17;0;3;4;24;3;1;16;17
TRACK:108;97;-1;5;4;6;1;0;4;15;6;14;6;2;22;2.228293464585464;20;7.444988664711765
TRACK:109;99;-1;5;3;5;4;0;3;4;3;6;6;19;3;4;3;2;17;6;9
EVAL_INSTANCE:5:0:100
EVAL_INSTANCE:5:1:101
EVAL_INSTANCE:5:2:102
EVAL_INSTANCE:5:3:103
EVAL_INSTANCE:5:4:104
EVAL_INSTANCE:5:5:105
EVAL_INSTANCE:5:6:106
EVAL_INSTANCE:5:7:107
EVAL_INSTANCE:5:8:108
EVAL_INSTANCE:5:9:109
RUN_RESULT:5:0:0:2000:----
RUN_RESULT:5:1:0:1307:DDRRDLLLLDDD
RUN_RESULT:5:2:0:2000:----
RUN_RESULT:5:3:0:2000:----
RUN_RESULT:5:4:0:2000:----
RUN_RESULT:5:5:0:2000:----
RUN_RESULT:5:6:0:2000:----
RUN_RESULT:5:7:0:1588:DDRDDLLDDD
RUN_RESULT:5:8:0:2000:----
RUN_RESULT:5:9:0:2000:----
     6 |       60 | -1.859200E+03 | -3.446000E+03
TRACK:110;107;101;5;3;5;4;6;5;2;6;3;0;17;12;0;3;4;24;3;1;16;17
TRACK:111;107;101;5;4;6;5;2;6;6;4;7;-3.575418147940843;0;3;2;2;0;17;12;2;21;9.501172993338507;17;0;1;11;16;1;16;17;3;17
TRACK:112;41;85;5;3;5;6;5;5;5;19
TRACK:113;41;85;5;4;6;5;2;6;6;5;5;5;19;6;6;3;22;-8.218879868752602
TRACK:114;5;5;5;3;5;4;6;5;2;6;6;3;22;-8.307769228278243;0;3;4;24;6;3;22;-8.307769228278243
TRACK:115;5;5;5;3;5;4;6;5;2;6;6;3;22;-8.307769228278243;0;3;22;-8.307769228278243;3;1;16;17
TRACK:116;1;85;4;4;1;4;6;1;16;17;3;3;1;0;5;1;6;16;6;12;1;2;6;10;3;19;1;3;18;6;11;5;5;0;3;17;6;9
TRACK:117;1;85;5;4;6;5;2;6;6;5;5;5;19;0;3;4;5;1;8;17;3;1;16;18
TRACK:118;107;101;5;3;5;4;6;5;2;6;3;21;9.501172993338507;0;3;4;24;3;1;16;17
TRACK:119;107;101;5;4;6;5;2;6;6;4;7;-3.575418147940843;0;3;4;24;3;17
TRACK:120;110;-1;5;3;5;4;6;5;2;6;1;11;24;0;3;4;24;3;1;16;17
TRACK:121;41;-1;5;3;5;4;6;5;4;24
TRACK:122;5;-1;5;3;5;4;6;5;2;6;6;3;22;-8.393195356115989;0;3;4;24;3;1;16;10
TRACK:123;116;-1;4;4;1;4;6;1;16;17;3;3;1;0;5;1;6;16;6;12;1;2;6;10;3;19;1;3;18;6;11;5;5;0;1;14;20;-0.718812458976581;6;9
TRACK:124;118;-1;5;3;5;4;6;5;2;6;3;21;9.408332046895586;0;3;4;11;3;1;16;17
TRACK:125;111;-1;5;4;6;5;2;6;6;0;6;11;6;24;0;3;2;2;0;17;12;2;21;9.370382322745037;17;0;1;11;16;1;16;17;3;17
TRACK:126;85;-1;5;4;6;2;5;5;0;10;17;0;0;0;13;23;6.586447516438767;2;21;-8.63592597676562;13;3;6;13
TRACK:127;5;-1;5;3;5;4;6;1;3;2;14;10;6;6;20;-8.630681392623119
TRACK:128;117;-1;5;4;6;5;2;6;6;5;5;0;9;10;0;3;4;5;1;8;17;3;1;16;18
TRACK:129;119;-1;5;6;5;25
EVAL_INSTANCE:6:0:120
EVAL_INSTANCE:6:1:121
EVAL_INSTANCE:6:2:122
EVAL_INSTANCE:6:3:123
EVAL_INSTANCE:6:4:124
EVAL_INSTANCE:6:5:125
EVAL_INSTANCE:6:6:126
EVAL_INSTANCE:6:7:127
EVAL_INSTANCE:6:8:128
EVAL_INSTANCE:6:9:129
RUN_RESULT:6:0:0:2000:----
RUN_RESULT:6:1:0:2000:----
RUN_RESULT:6:2:0:1281:DDRDDLLDDD
RUN_RESULT:6:3:0:2000:----
RUN_RESULT:6:4:0:389:LLLLLDDLDLDD
RUN_RESULT:6:5:0:2000:----
RUN_RESULT:6:6:0:2000:----
RUN_RESULT:6:7:0:1256:DDLUDLLLLDDD
RUN_RESULT:6:8:0:2000:----
RUN_RESULT:6:9:0:2000:----
     7 |       70 | -2.766600E+03 | -3.611000E+03
TRACK:130;101;107;5;4;6;5;2;6;6;4;7;-3.575418147940843;0;3;2;2;0;17;12;2;21;9.501172993338507;17;0;1;11;16;17;3;17
TRACK:131;101;107;5;3;5;4;6;5;2;6;3;17;0;3;4;24;3;2;21;9.501172993338507;17
TRACK:132;124;41;5;3;5;4;6;5;2;6;3;21;9.408332046895586;0;3;4;11;3;13
TRACK:133;124;41;5;3;5;4;6;5;2;6;6;3;22;-8.218879868752602;0;3;4;13;16
TRACK:134;85;124;5;4;6;5;16
TRACK:135;85;124;5;3;5;4;6;5;2;6;3;21;9.408332046895586;0;3;4;11;3;1;17;17
TRACK:136;101;5;5;4;6;5;2;6;6;4;7;-3.575418147940843;0;3;2;2;0;17;12;2;21;9.501172993338507;17;0;1;11;16;22;-8.307769228278243;3;17
TRACK:137;101;5;5;3;9
TRACK:138;85;41;5;4;6;5;2;5;2;6;6;3;22;-8.218879868752602;0;3;4;13;3;5;15;0;3;4;5;1;8;17;3;1;16;17
TRACK:139;85;41;5;3;5;4;6;5;2;6;6;3;17;0;3;4;13;3;5;15
TRACK:140;130;-1;5;4;6;5;6;2;7;7.335797585362954;15
TRACK:141;132;-1;6;0;4;5;2;1;0;6;0;6;13;3;15;1;0;2;13;23;3.3524322960654764;4;9;3;0;7;-6.329877362150505;15;4;0;5;1;8;13;4;2;17;22;4.515272255446902;6;3;3;3;2;13;20;7.534881284251295;4;6;0;1;6;2;1;0;14;12;4;22;-9.852221032855423;2;5;17;5;18;4;3;6;2;25;22;-0.6797109882396093;4;5;2;4;3;14;3;2;18;24
TRACK:142;134;-1;5;4;6;5;1;9;10
TRACK:143;136;-1;5;4;6;5;2;6;6;4;6;5;7;4.14952882387615;0;3;2;2;0;17;12;2;21;9.54903483753113;17;0;1;11;16;22;-8.418649945430243;3;17
TRACK:144;138;-1;5;4;6;5;2;5;2;6;6;3;22;-8.23244527894556;0;3;4;13;3;5;15;0;3;4;5;1;8;17;3;1;16;5;21;-9.56584109007778
TRACK:145;131;-1;5;3;5;4;6;5;2;6;3;17;0;3;6;21;-9.940226839728123;3;2;21;9.61113820970132;17
TRACK:146;133;-1;5;3;5;4;6;5;2;6;6;3;22;-8.069254516312697;0;5;0;15;12;16
TRACK:147;135;-1;5;3;5;4;6;5;2;6;3;21;9.63554426066842;0;3;4;11;3;1;17;15
TRACK:148;137;-1;5;3;3;2;3;0;6;9;3;18;0;2;4;15;1;15;16;3;1;7;3.2089309067578853;23;-1.5630378497072819
TRACK:149;139;-1;5;3;5;4;6;5;2;6;6;3;17;0;3;4;13;3;7;-2.8536158568379406
EVAL_INSTANCE:7:0:140
EVAL_INSTANCE:7:1:141
EVAL_INSTANCE:7:2:142
EVAL_INSTANCE:7:3:143
EVAL_INSTANCE:7:4:144
EVAL_INSTANCE:7:5:145
EVAL_INSTANCE:7:6:146
EVAL_INSTANCE:7:7:147
EVAL_INSTANCE:7:8:148
EVAL_INSTANCE:7:9:149
RUN_RESULT:7:0:0:1448:DDLUUUULUUDDLLLDDD
RUN_RESULT:7:1:0:2000:----
RUN_RESULT:7:2:0:2000:----
RUN_RESULT:7:3:0:2000:----
RUN_RESULT:7:4:0:2000:----
RUN_RESULT:7:5:0:2000:----
RUN_RESULT:7:6:0:2000:----
RUN_RESULT:7:7:0:347:LDDLULLDLDDD
RUN_RESULT:7:8:0:2000:----
RUN_RESULT:7:9:0:2000:----
     8 |       80 | -2.943100E+03 | -3.653000E+03
TRACK:150;101;147;5;4;6;5;2;6;6;4;7;-3.575418147940843;0;3;3;21;9.63554426066842;3;17
TRACK:151;101;147;5;3;5;4;6;5;2;6;3;21;9.63554426066842;0;3;4;9;3;1;17;15
TRACK:152;85;41;5;4;6;5;2;6;6;5;5;5;19;0;3;4;5;1;8;17;3;1;13;17
TRACK:153;85;41;5;3;5;4;6;5;2;6;6;3;22;-8.218879868752602;0;3;4;13;3;5;19
TRACK:154;124;127;5;3;5;4;6;5;2;6;3;21;9.408332046895586;0;3;4;14;3;1;16;17
TRACK:155;124;127;5;3;6;5;2;6;3;21;9.408332046895586;0;3;4;11;3;1;16;17
TRACK:156;5;124;5;3;5;4;6;5;2;6;6;3;22;-8.307769228278243;0;3;1;16;17;3;1;16;17
TRACK:157;5;124;5;3;5;4;6;5;2;6;3;16;0;3;4;11;3;1;16;17
TRACK:158;147;41;5;3;5;4;6;5;2;6;3;21;9.63554426066842;0;3;4;11;3;3;22;-8.218879868752602
TRACK:159;147;41;5;3;5;4;6;6;3;21;9.63554426066842
TRACK:160;150;-1;5;4;6;5;2;6;6;4;7;-3.54492911592683;3;1;3;0;25;10;0;1;15;15;0;18;23;5.5344850647185755
TRACK:161;85;-1;5;4;1;5;0;2;6;5;6;14;4;2;1;21;5.3574354932308275;20;3.632234520584344;4;22;6.257159526154457;2;2;1;4;20;4.166957528636662;2;19;22;-1.6329453706777883;3;5;10;1;4;0;17;17;0;3;13;3;10;4;0;2;2;6;2;10;19;6;4;21;0.5536348429690356;3;3;6;25;2;4;4;4;25;6;5;4;18
TRACK:162;154;-1;3;9
TRACK:163;156;-1;5;3;5;4;6;5;2;6;6;3;22;-8.197565458656006;0;6;4;24;3;1;16;17
TRACK:164;158;-1;5;0;2;2;4;4;25;3;1;17;15;3;0;1;7;2.947452619636346;17;4;21;4.757358469308574;6;2;3;1;17;14;6;3;20;8.039262863791294
TRACK:165;151;-1;5;3;5;4;6;5;2;6;3;21;9.56079355508128;0;3;4;8;3;1;17;15
TRACK:166;41;-1;5;3;5;5;0;2;12;12;0;11;18
TRACK:167;155;-1;5;3;6;0;6;23;3.4494966427559888;4;18
TRACK:168;157;-1;5;0;3;3;6;19;4;6;2;22;-9.635687270367143;24
TRACK:169;159;-1;5;3;5;4;6;6;5;5;3;25
EVAL_INSTANCE:8:0:160
EVAL_INSTANCE:8:1:161
EVAL_INSTANCE:8:2:162
EVAL_INSTANCE:8:3:163
EVAL_INSTANCE:8:4:164
EVAL_INSTANCE:8:5:165
EVAL_INSTANCE:8:6:166
EVAL_INSTANCE:8:7:167
EVAL_INSTANCE:8:8:168
EVAL_INSTANCE:8:9:169
RUN_RESULT:8:0:0:2000:----
RUN_RESULT:8:1:0:2000:----
RUN_RESULT:8:2:0:228:DDRDDDLLDLDD
RUN_RESULT:8:3:0:2000:----
RUN_RESULT:8:4:0:2000:----
RUN_RESULT:8:5:0:2000:----
RUN_RESULT:8:6:0:2000:----
RUN_RESULT:8:7:0:2000:----
RUN_RESULT:8:8:0:2000:----
RUN_RESULT:8:9:0:2000:----
     9 |       90 | -3.079100E+03 | -3.772000E+03
TRACK:170;127;5;5;3;5;4;6;5;2;6;6;3;22;-8.307769228278243;0;3;4;24;3;1;16;17
TRACK:171;127;5;5;3;5;4;6;5;2;6;6;3;22;-8.307769228278243;0;3;4;24;3;1;10;17
TRACK:172;147;124;5;3;5;4;6;5;2;6;3;21;9.63554426066842;0;3;4;11;3;1;17;11
TRACK:173;147;124;5;3;5;4;6;5;2;6;3;21;9.408332046895586;0;6;3;21;9.63554426066842;3;1;16;17
TRACK:174;162;162;3;3;9
TRACK:175;162;162;3;9
TRACK:176;147;5;5;3;5;4;6;5;2;6;3;21;9.63554426066842;0;3;24;3;1;17;15
TRACK:177;147;5;5;3;5;4;6;5;2;6;3;21;9.63554426066842;0;3;4;24;3;1;16;17
TRACK:178;41;124;5;3;5;4;6;5;2;6;6;3;22;-8.218879868752602;0;3;16;3;5;15
TRACK:179;41;124;5;3;5;4;6;5;2;6;3;21;9.408332046895586;0;4;13;3;1;16;17
TRACK:180;127;-1;5;3;5;4;6;1;3;2;14;10;6;6;0;7;-0.02367602685522563;15
TRACK:181;172;-1;5;3;5;4;6;5;2;6;3;21;9.610842767580177;0;3;5;9;3;1;17;11
TRACK:182;174;-1;3;3;2;3;9;3;16
TRACK:183;176;-1;5;3;5;4;6;5;2;6;5;3;23;-2.1338328977068066;0;3;24;3;1;17;15
TRACK:184;178;-1;5;3;5;3;0;5;23;-1.3716231202406792;1;9;12
TRACK:185;5;-1;5;3;5;5;1;3;6;15;6;4;22;8.810290620183181
TRACK:186;173;-1;5;3;5;4;6;5;2;0;2;11;17;3;19;0;6;3;21;9.374468297160902;3;1;16;17
TRACK:187;175;-1;6;5;0;4;6;3;1;2;25;25;4;23;-9.080284094679097;2;6;3;4;4;11;5;0;1;2;22;5.248961933431392;20;-6.26012127338091;0;9;7;3.4458618964652548;5;5;20;1.587321264417545
TRACK:188;177;-1;5;3;5;4;2;1;23;-4.595488464231964;10;0;24;7;-7.172255966554033
TRACK:189;179;-1;5;3;5;4;6;5;2;6;5;15;0;4;13;3;1;16;17
EVAL_INSTANCE:9:0:180
EVAL_INSTANCE:9:1:181
EVAL_INSTANCE:9:2:182
EVAL_INSTANCE:9:3:183
EVAL_INSTANCE:9:4:184
EVAL_INSTANCE:9:5:185
EVAL_INSTANCE:9:6:186
EVAL_INSTANCE:9:7:187
EVAL_INSTANCE:9:8:188
EVAL_INSTANCE:9:9:189
RUN_RESULT:9:0:0:1880:DDLWWWWDDD
RUN_RESULT:9:1:0:1214:DDLLLDLDLLDDLDD
RUN_RESULT:9:2:0:2000:----
RUN_RESULT:9:3:0:1746:DLLLLDLDDD
RUN_RESULT:9:4:0:2000:----
RUN_RESULT:9:5:0:2000:----
RUN_RESULT:9:6:0:2000:----
RUN_RESULT:9:7:0:2000:----
RUN_RESULT:9:8:0:2000:----
RUN_RESULT:9:9:0:1851:DDLUDLLLLDDD
    10 |      100 | -3.102500E+03 | -3.772000E+03
TRACK:190;85;127;5;4;6;3;2;14;10
TRACK:191;85;127;5;3;5;4;6;1;3;2;14;10;6;6;1;16;17
TRACK:192;162;124;3;21;9.408332046895586
TRACK:193;162;124;5;3;5;4;6;5;3;9
TRACK:194;147;162;5;3;5;4;6;5;2;6;3;21;9.63554426066842;0;3;3;9;3;1;17;15
TRACK:195;147;162;3;3;21;9.63554426066842
TRACK:196;5;85;5;3;5;4;6;5;2;6;6;3;22;-8.307769228278243;0;3;4;24;3;17
TRACK:197;5;85;5;4;6;5;2;6;3;22;-8.307769228278243;0;3;4;5;1;8;17;3;1;16;17
TRACK:198;181;124;5;3;5;4;6;5;2;6;4;11;0;3;5;9;3;1;17;11
TRACK:199;181;124;5;3;5;4;6;5;2;6;3;21;9.408332046895586;1;17;11
TRACK:200;190;-1;5;6;4;5;6;6;3;4;4;6;24
TRACK:201;192;-1;3;2;1;4;3;4;22;-8.39601949138213;0;2;5;23;-7.866489997370898;4;11;4;5;23;-4.910789018160342;2;5;4;5;20;4.477792645407403;3;4;1;22;7.0512301270887825;13
TRACK:202;194;-1;5;3;5;4;6;5;2;6;3;21;9.590118029084849;0;3;3;9;1;15;23;-1.4087798272143779
TRACK:203;196;-1;5;3;5;4;6;5;2;6;6;3;22;-8.281575104775257;0;3;4;24;1;23;-3.266209804982651;14
TRACK:204;198;-1;5;3;5;4;6;5;25
TRACK:205;191;-1;5;3;6;3;6;2;19;12
TRACK:206;193;-1;5;2;1;4;0;2;5;4;7;3.6617958146490217;5;4;21;4.862211365600935;5;3;2;23;6.228343253956648;21;-2.326387883324319;3;0;4;5;6;23;7.762665521556219;0;5;5;7;5.481879612966274;5;4;7;-5.59480472448157;2;0;4;5;3;5;21;-2.8211171947200464;6;5;0;1;14;23;0.26770293060073236;3;17;1;6;4;2;6;13;6;17;3;2;1;2;21;-1.8951658042105315;15;4;19;1;6;24;1;12;13
TRACK:207;195;-1;3;1;4;5;0;6;19;4;21;3.833418521751188;0;4;3;6;16;5;2;5;9;1;14;13
TRACK:208;197;-1;5;4;6;5;2;6;3;22;-8.152103035762226;0;3;4;5;1;8;17;3;1;16;3;22;1.6406332958222851
TRACK:209;199;-1;5;3;3;15
EVAL_INSTANCE:10:0:200
EVAL_INSTANCE:10:1:201
EVAL_INSTANCE:10:2:202
EVAL_INSTANCE:10:3:203
EVAL_INSTANCE:10:4:204
EVAL_INSTANCE:10:5:205
EVAL_INSTANCE:10:6:206
EVAL_INSTANCE:10:7:207
EVAL_INSTANCE:10:8:208
EVAL_INSTANCE:10:9:209
RUN_RESULT:10:0:0:2000:----
RUN_RESULT:10:1:0:2000:----
RUN_RESULT:10:2:0:1198:DDWWLUDLLDDD
RUN_RESULT:10:3:0:1251:DDRDDLLDDD
RUN_RESULT:10:4:0:2000:----
RUN_RESULT:10:5:0:2000:----
RUN_RESULT:10:6:0:2000:----
RUN_RESULT:10:7:0:2000:----
RUN_RESULT:10:8:0:2000:----
RUN_RESULT:10:9:0:2000:----
    11 |      110 | -3.116400E+03 | -3.772000E+03
TRACK:210;162;5;3;16
TRACK:211;162;5;5;3;5;4;6;5;2;6;6;3;9;0;3;4;24;3;1;16;17
TRACK:212;181;202;5;3;5;4;6;5;2;6;3;21;9.610842767580177;0;3;5;9;1;15;23;-1.4087798272143779
TRACK:213;181;202;5;3;5;4;6;5;2;6;3;21;9.590118029084849;0;3;3;9;1;3;21;9.610842767580177;23;-1.4087798272143779
TRACK:214;124;147;5;3;5;4;6;5;2;6;3;21;9.408332046895586;0;3;4;11;3;1;16;21;9.63554426066842
TRACK:215;124;147;5;3;5;4;6;5;2;21;9.408332046895586;0;3;4;11;3;1;17;15
TRACK:216;162;85;3;5;2;6;6;5;5;5;19;0;3;4;5;1;8;17;3;1;16;17
TRACK:217;162;85;5;4;6;5;2;6;6;5;5;3;9;0;3;4;5;1;8;17;3;1;16;17
TRACK:218;41;5;5;3;5;4;6;5;2;6;6;3;22;-8.218879868752602;3;22;-8.307769228278243
TRACK:219;41;5;5;3;5;4;6;5;2;6;6;3;22;-8.307769228278243;0;3;4;24;3;15
TRACK:220;210;-1;3;6;4;0;6;0;6;4;3;2;11;8;2;1;2;3;17;5;13;2;4;22;-6.948689933524097;6;19;2;4;0;13;9;0;2;24;22;8.649704886379311;1;18;19;2;1;3;5;6;3;11;1;1;4;1;19;9;1;3;21;-3.7979461073969816;0;11;17;6;4;2;24;21;3.514880076331048;4;2;2;6;2;18;11;5;3;18;3;6;4;25
TRACK:221;212;-1;5;3;5;4;6;5;2;6;3;21;9.601403291656611;0;3;3;16;1;15;23;-1.323502775614711
TRACK:222;124;-1;5;3;5;4;6;5;2;6;3;21;9.547623195805764;0;2;2;22;1.0434864001327924;14;5;14;3;1;16;17
TRACK:223;216;-1;3;5;2;6;6;5;5;5;19;0;3;4;2;20;5.5394130663478;10;3;1;16;17
TRACK:224;218;-1;5;3;5;4;6;5;2;6;6;0;7;4.711500554076322;12;3;22;-8.456497489345915
TRACK:225;211;-1;5;3;5;4;6;5;2;5;16;0;3;4;24;3;1;16;17
TRACK:226;213;-1;5;3;3;5;6;2;4;5;18;0;5;11;3;24
TRACK:227;147;-1;5;3;5;4;6;5;5;6;1;3;16;6;25
TRACK:228;217;-1;5;4;6;5;2;6;6;5;4;5;23;-7.809279252373735;0;3;4;5;1;8;17;3;1;16;17
TRACK:229;219;-1;5;3;5;4;6;5;2;6;6;3;10;0;3;4;24;3;15
EVAL_INSTANCE:11:0:220
EVAL_INSTANCE:11:1:221
EVAL_INSTANCE:11:2:222
EVAL_INSTANCE:11:3:223
EVAL_INSTANCE:11:4:224
EVAL_INSTANCE:11:5:225
EVAL_INSTANCE:11:6:226
EVAL_INSTANCE:11:7:227
EVAL_INSTANCE:11:8:228
EVAL_INSTANCE:11:9:229
RUN_RESULT:11:0:0:2000:----
RUN_RESULT:11:1:0:392:LLLLLDDLDLDD
RUN_RESULT:11:2:0:2000:----
RUN_RESULT:11:3:0:2000:----
RUN_RESULT:11:4:0:2000:----
RUN_RESULT:11:5:0:2000:----
RUN_RESULT:11:6:0:274:DDRDDLLDDD
RUN_RESULT:11:7:0:2000:----
RUN_RESULT:11:8:0:2000:----
RUN_RESULT:11:9:0:147:DDRDDLLDDD
    12 |      120 | -3.410200E+03 | -3.853000E+03
TRACK:230;229;85;5;3;5;4;6;5;2;6;6;3;10;0;3;1;16;17;3;15
TRACK:231;229;85;5;4;6;5;2;6;6;5;5;5;19;0;3;4;24;3;1;16;17
TRACK:232;124;226;5;3;5;4;6;5;2;6;3;3;24;0;3;4;11;3;1;16;17
TRACK:233;124;226;5;3;3;5;6;2;4;5;18;0;3;1;16;17;3;24
TRACK:234;162;229;3;5;2;6;6;3;10;0;3;4;24;3;15
TRACK:235;162;229;5;3;5;4;6;5;2;6;6;3;10;0;3;4;24;9
TRACK:236;147;221;5;5;4;6;5;2;6;3;21;9.601403291656611;0;3;3;16;1;15;23;-1.323502775614711
TRACK:237;147;221;5;3;5;4;6;5;3;21;9.63554426066842
TRACK:238;5;226;5;3;5;4;6;5;2;6;6;3;11;0;3;4;24;3;1;16;17
TRACK:239;5;226;5;3;3;5;6;2;4;5;18;2;6;6;3;22;-8.307769228278243;0;3;4;24;3;1;16;17
TRACK:240;230;-1;5;3;5;4;6;5;2;6;6;3;18;0;3;1;16;17;3;15
TRACK:241;232;-1;5;3;5;4;6;5;2;6;3;3;24;0;3;4;11;3;1;23;-0.08650660616048178;17
TRACK:242;234;-1;3;5;2;2;1;6;5;7;4.762738616009594;5;1;11;7;-2.7473181494205168;3;2;3;20;-5.890080345675155;2;10;11;0;3;4;24;3;15
TRACK:243;147;-1;5;3;5;4;6;5;2;6;3;1;20;-8.41457782359792;20;-5.278189112930535;0;3;4;11;3;1;17;15
TRACK:244;238;-1;5;3;5;4;6;5;2;6;6;3;11;3;3;0;16;8
TRACK:245;231;-1;3;6;4;6;2;4;21;5.271697697427875;1;10;17
TRACK:246;233;-1;5;3;3;3;6;6;6;19
TRACK:247;235;-1;3;6;1;2;3;2;23;9.688802060327657;10;5;2;18;19;4;1;4;19;1;8;18
TRACK:248;221;-1;5;3;5;4;6;2;4;5;17;6;2;17;19
TRACK:249;239;-1;4;5;0;5;5;1;23;9.926093138475384;16;3;2;3;25;6;17
EVAL_INSTANCE:12:0:240
EVAL_INSTANCE:12:1:241
EVAL_INSTANCE:12:2:242
EVAL_INSTANCE:12:3:243
EVAL_INSTANCE:12:4:244
EVAL_INSTANCE:12:5:245
EVAL_INSTANCE:12:6:246
EVAL_INSTANCE:12:7:247
EVAL_INSTANCE:12:8:248
EVAL_INSTANCE:12:9:249
RUN_RESULT:12:0:0:1989:DDLUDLLLLDDD
RUN_RESULT:12:1:0:2000:----
RUN_RESULT:12:2:0:401:LLLLLDDLDLDD
RUN_RESULT:12:3:0:371:DLLLLLDLDLDD
RUN_RESULT:12:4:0:2000:----
RUN_RESULT:12:5:0:1578:DDLLLLDLLDDLWDD
RUN_RESULT:12:6:0:2000:----
RUN_RESULT:12:7:0:2000:----
RUN_RESULT:12:8:0:2000:----
RUN_RESULT:12:9:0:2000:----
    13 |      130 | -3.574200E+03 | -3.853000E+03
TRACK:250;229;242;5;3;5;3;20;-5.890080345675155
TRACK:251;229;242;3;5;2;2;1;6;5;7;4.762738616009594;5;1;11;7;-2.7473181494205168;3;6;6;3;10;0;3;4;24;3;15
TRACK:252;162;147;3;1;17;15
TRACK:253;162;147;5;3;5;4;3;9
TRACK:254;124;162;5;3;5;4;6;5;2;9;0;3;4;11;3;1;16;17
TRACK:255;124;162;3;6;5;2;6;3;21;9.408332046895586;0;3;4;11;3;1;16;17
TRACK:256;226;243;5;3;3;5;6;2;4;5;18;0;5;11;3;20;-5.278189112930535
TRACK:257;226;243;5;3;5;4;6;5;2;4;5;18;0;3;4;11;3;1;17;15
TRACK:258;147;229;5;3;5;4;6;5;2;24;0;3;4;11;3;1;17;15
TRACK:259;147;229;5;6;3;21;9.63554426066842
TRACK:260;250;-1;5;3;5;2;1;3;19;3;13;5;0;9;24
TRACK:261;252;-1;4;5;3;4;0;6;6;5;5;13;6;3;2;4;7;6.290480810498551;1;18;7;-0.8323968399181307
TRACK:262;254;-1;5;3;5;4;6;5;2;9;0;3;4;11;3;1;20;-7.5215109510208356;17
TRACK:263;256;-1;5;3;3;5;6;2;4;5;6;15;0;5;11;3;20;-5.382649138374372
TRACK:264;258;-1;5;3;5;4;6;5;2;24;0;3;4;11;3;1;17;15
TRACK:265;251;-1;3;5;2;2;1;6;5;7;4.790196836479188;0;0;4;8;6;22;8.964197191459377;0;0;7;-8.846189193943427;20;9.751130076279079;2;19;15;3;6;6;3;10;0;3;4;24;3;15
TRACK:266;253;-1;5;3;5;4;3;1;1;8;14;6;17
TRACK:267;255;-1;3;6;5;2;6;3;5;0;1;4;9;5;13;2;1;25;22;7.377835537320074;3;13;0;3;4;11;3;1;16;17
TRACK:268;257;-1;5;3;6;4;20;2.115433154543158
TRACK:269;259;-1;5;6;3;1;3;25;0;17;25
EVAL_INSTANCE:13:0:260
EVAL_INSTANCE:13:1:261
EVAL_INSTANCE:13:2:262
EVAL_INSTANCE:13:3:263
EVAL_INSTANCE:13:4:264
EVAL_INSTANCE:13:5:265
EVAL_INSTANCE:13:6:266
EVAL_INSTANCE:13:7:267
EVAL_INSTANCE:13:8:268
EVAL_INSTANCE:13:9:269
RUN_RESULT:13:0:0:441:DDLUUDLUUDLLLDDD
RUN_RESULT:13:1:0:1980:DDLWWWWDDD
RUN_RESULT:13:2:0:1550:DDWWWWWLDLDD
RUN_RESULT:13:3:0:101:LLLLLDDLDLDD
RUN_RESULT:13:4:0:1177:DDLWWWWDDD
RUN_RESULT:13:5:0:2000:----
RUN_RESULT:13:6:0:2000:----
RUN_RESULT:13:7:0:1597:DDLULULDDLLDDD
RUN_RESULT:13:8:0:2000:----
RUN_RESULT:13:9:0:2000:----
    14 |      140 | -3.690900E+03 | -3.899000E+03
TRACK:270;263;162;5;3;3;5;6;2;4;5;6;15;9
TRACK:271;263;162;3;6;15
TRACK:272;124;229;5;3;5;24
TRACK:273;124;229;5;3;5;4;6;5;2;6;6;3;10;3;4;11
TRACK:274;147;124;5;3;5;4;6;5;2;6;3;21;9.63554426066842;0;3;4;11;3;4;11
TRACK:275;147;124;5;21;9.63554426066842
TRACK:276;263;147;5;3;3;5;6;2;4;5;6;15;0;3;1;17;15;3;20;-5.382649138374372
TRACK:277;263;147;5;3;5;4;6;20;-5.382649138374372
TRACK:278;229;162;5;3;5;4;6;5;2;6;6;3;10;3;9
TRACK:279;229;162;3;3;15
TRACK:280;270;-1;5;3;3;5;6;2;3;5;5;5;13;6;5;2;1;7;1.9446829003505108;9;3;19
TRACK:281;124;-1;5;3;5;4;6;5;3;10
TRACK:282;274;-1;5;3;5;4;6;1;20;-6.587666303610902;17
TRACK:283;276;-1;5;3;3;5;6;2;4;5;6;15;0;3;1;5;23;5.022905258126471;15;3;20;-5.30398441652051
TRACK:284;278;-1;5;3;4;2;1;4;3;2;4;3;24;0;5;18;1;24;21;1.7186764998786792;0;4;2;2;5;9;2;11;7;7.232910195978285;4;3;25;2;0;5;5;18;1;0;25;24;6;21;3.829746117451423;5;3;1;8;22;4.7619421974936955;4;2;5;1;1;0;10;9;0;25;9;1;1;25;24;6;19;2;5;2;6;15;4;11;2;6;2;14;21;-7.672600141462576;3;0;13;23;0.38661945515543295
TRACK:285;271;-1;3;0;6;22;-5.533988906162827;3;17
TRACK:286;229;-1;5;3;5;4;6;5;2;6;6;3;10;0;6;3;8;3;15
TRACK:287;275;-1;5;6;3;0;4;5;2;4;20;-4.845642022922874;2;18;25;3;4;4;5;25
TRACK:288;277;-1;5;0;4;2;1;5;6;0;6;0;9;19;3;4;19;1;0;6;0;1;16;20;-8.579663180918962;6;23;-8.904237054065689;1;0;6;15;2;11;21;-9.434713932878942;0;6;21;9.102048628063244;1;12;8;4;5;6;5;18;1;5;2;3;0;2;9;15;3;20;6.943544364972361;0;0;6;24;5;13;0;3;17;2;7;7.206476758391059;9;5;3;4;5;3;10;6;1;0;6;3;3;0;3;14;1;23;-0.7212116115631169;17;5;4;4;4;2;15;18;0;1;4;2;0;1;7;-0.3152735848688515;10;1;7;1.1854412065041373;17;6;4;23;-9.410758271722187;2;3;6;3;11;4;6;6;19;6;1;3;4;5;20;-4.4700526204758795;6;3;6;9
TRACK:289;279;-1;1;5;5;1;21;2.240216319802128;10;6;0;6;18;2;10;20;5.076312896244534
EVAL_INSTANCE:14:0:280
EVAL_INSTANCE:14:1:281
EVAL_INSTANCE:14:2:282
EVAL_INSTANCE:14:3:283
EVAL_INSTANCE:14:4:284
EVAL_INSTANCE:14:5:285
EVAL_INSTANCE:14:6:286
EVAL_INSTANCE:14:7:287
EVAL_INSTANCE:14:8:288
EVAL_INSTANCE:14:9:289
RUN_RESULT:14:0:0:2000:----
RUN_RESULT:14:1:0:1880:DDLWWWWDDD
RUN_RESULT:14:2:0:2000:----
RUN_RESULT:14:3:0:101:LLLLLDDLDLDD
RUN_RESULT:14:4:0:2000:----
RUN_RESULT:14:5:0:2000:----
RUN_RESULT:14:6:0:1922:DDLWWWWDDD
RUN_RESULT:14:7:0:2000:----
RUN_RESULT:14:8:0:2000:----
RUN_RESULT:14:9:0:479:DDLUDLLLLDDD
    15 |      150 | -3.724900E+03 | -3.899000E+03
TRACK:290;283;263;5;3;3;5;6;2;4;5;5;6;15;0;3;1;5;23;5.022905258126471;15;3;20;-5.30398441652051
TRACK:291;283;263;5;3;3;5;6;2;4;5;6;15;0;5;15;3;20;-5.382649138374372
TRACK:292;226;243;5;3;3;5;6;2;4;0;3;4;11;3;1;17;15;0;5;11;3;24
TRACK:293;226;243;5;3;5;4;6;5;2;6;3;1;20;-8.41457782359792;20;-5.278189112930535;0;3;4;11;24
TRACK:294;162;283;3;5;23;5.022905258126471
TRACK:295;162;283;5;3;3;5;6;2;4;5;6;15;0;3;1;5;23;5.022905258126471;3;9;3;20;-5.30398441652051
TRACK:296;162;229;3;4;6;5;2;6;6;3;10;0;3;4;24;3;15
TRACK:297;162;229;5;3;5;4;6;5;2;6;6;3;10;9
TRACK:298;124;226;5;3;5;4;6;5;2;6;3;21;9.408332046895586;0;3;4;11;0;5;11;3;24
TRACK:299;124;226;5;3;3;5;6;2;4;5;18;0;5;16;3;24
TRACK:300;290;-1;5;3;6;3;3;4;0;9;14
TRACK:301;292;-1;5;3;3;5;6;2;4;0;3;4;11;3;1;17;7;9.58854471713019;0;5;11;3;24
TRACK:302;294;-1;2;6;3;2;5;15;3;14;3;3;2;2;15;8;3;18
TRACK:303;296;-1;3;4;6;5;2;6;6;1;2;2;23;9.339569111438657;14;3;8;4;4;13;0;3;4;24;3;15
TRACK:304;298;-1;5;3;5;4;6;5;2;0;4;1;24;12;2;5;23;-9.107525601377478;6;15;0;3;4;11;0;5;11;3;24
TRACK:305;291;-1;5;3;5;0;1;18;18;4;21;0.798571137769791
TRACK:306;293;-1;5;5;7;5.079876146158096
TRACK:307;295;-1;5;3;3;1;0;5;9;2;19;22;9.748173743827909;6;4;11
TRACK:308;297;-1;5;3;5;0;5;4;4;4;10;1;0;0;2;24;15;1;7;-9.295137133141573;12;2;3;25;4;19;1;6;4;19;0;2;20;-8.45161388671142;11;6;25
TRACK:309;299;-1;5;3;3;5;5;1;6;1;24;25;3;5;19
EVAL_INSTANCE:15:0:300
EVAL_INSTANCE:15:1:301
EVAL_INSTANCE:15:2:302
EVAL_INSTANCE:15:3:303
EVAL_INSTANCE:15:4:304
EVAL_INSTANCE:15:5:305
EVAL_INSTANCE:15:6:306
EVAL_INSTANCE:15:7:307
EVAL_INSTANCE:15:8:308
EVAL_INSTANCE:15:9:309
RUN_RESULT:15:0:0:2000:----
RUN_RESULT:15:1:0:273:DDRDDLLDDD
RUN_RESULT:15:2:0:2000:----
RUN_RESULT:15:3:0:339:DDRDDLLDDD
RUN_RESULT:15:4:0:122:LLLLDDLDDD
RUN_RESULT:15:5:0:2000:----
RUN_RESULT:15:6:0:2000:----
RUN_RESULT:15:7:0:2000:----
RUN_RESULT:15:8:0:2000:----
RUN_RESULT:15:9:0:2000:----
    16 |      160 | -3.769700E+03 | -3.899000E+03
TRACK:310;162;283;3;5;23;5.022905258126471
TRACK:311;162;283;5;3;9
TRACK:312;147;229;5;3;5;4;6;5;2;6;3;21;9.63554426066842;10
TRACK:313;147;229;5;3;5;4;6;5;2;6;6;3;10;0;3;4;15;3;15
TRACK:314;263;304;5;3;3;5;6;2;4;5;6;15;0;3;4;11;3;20;-5.382649138374372
TRACK:315;263;304;5;3;5;4;6;5;2;0;4;1;24;12;2;5;23;-9.107525601377478;6;11;0;3;4;11;0;5;11;3;24
TRACK:316;263;303;5;3;3;5;6;2;4;5;2;2;23;9.339569111438657;14;3;8;0;5;11;3;20;-5.382649138374372
TRACK:317;263;303;3;4;6;5;2;6;6;1;2;2;20;-5.382649138374372;14;3;8;4;4;13;0;3;4;24;3;15
TRACK:318;162;283;3;15
TRACK:319;162;283;5;3;3;5;6;2;4;5;6;15;9
TRACK:320;310;-1;3;5;6;5;6;5;5;1;3;16;0;14;12
TRACK:321;312;-1;5;3;5;4;6;5;2;6;0;0;17;9;3;12;10
TRACK:322;263;-1;5;3;3;5;6;2;4;5;6;15;2;0;19;12;1;20;5.698401642532335;16
TRACK:323;316;-1;5;3;3;5;6;2;4;5;2;2;23;9.347757604532159;14;3;8;0;6;5;6;12;3;20;-5.74858735819226
TRACK:324;318;-1;0;4;1;6;0;24;7;-7.944153360983965;5;0;25;12;5;2;1;1;10;15;4;22;-6.803823716977233;2;5;21;7.376748998974318;3;7;4.509541836367305
TRACK:325;311;-1;2;6;3;5;2;5;3;12;5;3;24;6;0;5;2;1;1;15;16;2;9;17;5;5;10;5;5;1;1;13;10;1;22;9.669400173455792;15
TRACK:326;313;-1;5;3;5;4;6;5;2;6;6;3;10;0;3;4;15;1;7;8.5685180582609;14
TRACK:327;304;-1;5;3;5;4;6;5;2;0;4;1;24;12;2;5;23;-9.224090197912975;6;15;0;3;4;11;0;5;7;-0.45210761118399745;3;24
TRACK:328;317;-1;3;2;5;1;6;3;23;8.437907617540919;3;3;12;5;3;6;1;25;16
TRACK:329;319;-1;5;3;3;5;6;2;4;5;6;15;3;0;1;1;19;7;8.326279008826798;3;15;1;5;23;6.855286060677088;1;18;17
EVAL_INSTANCE:16:0:320
EVAL_INSTANCE:16:1:321
EVAL_INSTANCE:16:2:322
EVAL_INSTANCE:16:3:323
EVAL_INSTANCE:16:4:324
EVAL_INSTANCE:16:5:325
EVAL_INSTANCE:16:6:326
EVAL_INSTANCE:16:7:327
EVAL_INSTANCE:16:8:328
EVAL_INSTANCE:16:9:329
RUN_RESULT:16:0:0:2000:----
RUN_RESULT:16:1:0:2000:----
RUN_RESULT:16:2:0:2000:----
RUN_RESULT:16:3:0:101:LLLLLDDLDLDD
RUN_RESULT:16:4:0:2000:----
RUN_RESULT:16:5:0:320:DDRDDLLDDD
RUN_RESULT:16:6:0:1880:DDLWWWWDDD
RUN_RESULT:16:7:0:147:DDRDDLLDDD
RUN_RESULT:16:8:0:2000:----
RUN_RESULT:16:9:0:2000:----
    17 |      170 | -3.818600E+03 | -3.899000E+03
TRACK:330;162;323;3;6;12
TRACK:331;162;323;5;3;3;5;6;2;3;9;0;6;5;6;12;3;20;-5.74858735819226
TRACK:332;263;327;5;3;3;5;6;2;4;5;11;0;5;11;3;20;-5.382649138374372
TRACK:333;263;327;5;3;5;4;6;5;2;0;11;2;5;23;-9.224090197912975;6;15;0;3;4;11;0;5;7;-0.45210761118399745;3;24
TRACK:334;229;283;5;3;5;4;6;5;2;6;6;3;10;0;3;4;15;3;15
TRACK:335;229;283;5;3;3;5;6;2;4;5;6;15;0;3;4;24;3;15
TRACK:336;162;323;3;6;5;6;12
TRACK:337;162;323;5;3;3;5;6;2;4;5;2;2;9;14;3;8;0;6;5;6;12;3;20;-5.74858735819226
TRACK:338;229;226;5;3;5;4;6;5;2;6;6;3;10;0;3;5;11;3;15
TRACK:339;229;226;5;3;3;0;3;4;24;3;15
TRACK:340;162;-1;4;3;1;3;3;0;0;15;7;-1.9963226358487578;3;24;1;3;0;5;25;6;16;6;4;6;21;-9.395516184697062
TRACK:341;332;-1;5;3;3;5;6;2;4;5;11;2;5;3;4;16;2;3;2;7;-2.36762101718093;18;3;0;23;9.722293719514802;20;-9.049570814740708
TRACK:342;334;-1;5;3;5;4;6;5;2;6;6;3;10;0;3;4;22;8.28079690825659;3;15
TRACK:343;336;-1;3;6;5;5;5;2;9;25
TRACK:344;338;-1;5;3;5;4;6;5;2;6;6;4;25;0;3;5;11;3;15
TRACK:345;323;-1;5;3;3;5;6;2;4;5;2;2;23;9.398894428536538;14;3;8;0;6;4;0;16;21;8.94329070451089;3;20;-5.8788586883654155
TRACK:346;333;-1;5;3;5;4;6;5;2;0;6;0;25;8;2;5;23;-9.16427402489669;6;15;0;3;4;11;0;5;7;-0.5079154647104032;3;24
TRACK:347;335;-1;5;3;3;5;6;2;4;5;6;15;0;3;4;24;4;10
TRACK:348;337;-1;5;3;3;5;6;2;4;5;2;2;9;14;3;8;0;6;5;6;12;4;1;23;-9.538440680807723;18
TRACK:349;339;-1;5;3;3;0;3;4;24;5;4;10
EVAL_INSTANCE:17:0:340
EVAL_INSTANCE:17:1:341
EVAL_INSTANCE:17:2:342
EVAL_INSTANCE:17:3:343
EVAL_INSTANCE:17:4:344
EVAL_INSTANCE:17:5:345
EVAL_INSTANCE:17:6:346
EVAL_INSTANCE:17:7:347
EVAL_INSTANCE:17:8:348
EVAL_INSTANCE:17:9:349
RUN_RESULT:17:0:0:2000:----
RUN_RESULT:17:1:0:2000:----
RUN_RESULT:17:2:0:2000:----
RUN_RESULT:17:3:0:2000:----
RUN_RESULT:17:4:0:2000:----
RUN_RESULT:17:5:0:2000:----
RUN_RESULT:17:6:0:2000:----
RUN_RESULT:17:7:0:147:DDRDDLLDDD
RUN_RESULT:17:8:0:2000:----
RUN_RESULT:17:9:0:273:DDRDDLLDDD
    18 |      180 | -3.836000E+03 | -3.899000E+03
TRACK:350;323;229;5;3;3;5;6;2;4;5;2;2;23;9.347757604532159;14;3;8;3;10
TRACK:351;323;229;5;3;5;4;6;5;2;6;6;3;10;0;3;4;23;9.347757604532159;3;15
TRACK:352;327;283;5;3;5;4;6;5;2;0;4;1;24;12;2;5;23;-9.224090197912975;6;15;0;3;4;11;6;15
TRACK:353;327;283;5;3;3;5;6;2;4;5;6;15;4;11
TRACK:354;263;162;5;3;3;5;6;2;4;5;6;15;0;5;9;3;20;-5.382649138374372
TRACK:355;263;162;3;15
TRACK:356;347;283;5;3;3;5;6;2;4;5;6;15;0;3;4;23;5.022905258126471;4;10
TRACK:357;347;283;5;3;3;5;6;2;4;24;0;3;1;5;23;5.022905258126471;15;3;20;-5.30398441652051
TRACK:358;323;263;5;3;3;5;6;2;4;5;6;15;0;6;5;6;12;3;20;-5.74858735819226
TRACK:359;323;263;5;3;3;5;6;2;4;5;6;15;8
TRACK:360;350;-1;5;3;5;3;5;6;5;1;1;14;8;6;15
TRACK:361;327;-1;5;3;5;4;6;5;2;0;4;1;24;12;2;5;23;-9.336552197700836;6;15;0;3;4;8;0;5;7;-0.3727842387786384;3;24
TRACK:362;354;-1;5;2;2;1;0;21;1.7972475040864655;23;-4.967217230065986;0;19;17;5;2;19;18;0;2;0;18;22;6.889455824313217;6;22;6.02008877191755;5;3;25
TRACK:363;347;-1;5;3;3;5;6;2;4;3;2;1;9;25;6;20;5.162564391186546;0;3;4;24;4;10
TRACK:364;358;-1;5;3;3;5;6;2;4;5;6;15;0;6;5;6;12;3;2;3;7;9.948274839791974;4;9
TRACK:365;351;-1;5;3;5;4;6;5;2;6;6;5;19;0;3;4;23;9.233570710900286;3;15
TRACK:366;283;-1;5;3;3;5;6;2;4;2;9;20;-8.22660926755502;0;3;1;5;23;5.0106952879789155;15;3;20;-5.333416963838479
TRACK:367;355;-1;3;3;1;5;2;4;2;3;5;5;18;4;2;1;20;-0.7715925637647523;22;-9.77601096808597;0;9;21;-2.387155550218461;5;6;1;5;0;12;14;3;1;16;8;6;5;0;1;5;4;2;25;16;3;3;6;14;2;4;2;2;24;21;3.1022854390789156;0;17;12;6;5;3;12
TRACK:368;283;-1;5;3;3;5;6;2;4;5;6;15;0;3;1;5;23;5.079886381820278;0;24;9;3;20;-5.304681908777496
TRACK:369;359;-1;5;3;3;5;6;2;4;5;3;5;9;8
EVAL_INSTANCE:18:0:360
EVAL_INSTANCE:18:1:361
EVAL_INSTANCE:18:2:362
EVAL_INSTANCE:18:3:363
EVAL_INSTANCE:18:4:364
EVAL_INSTANCE:18:5:365
EVAL_INSTANCE:18:6:366
EVAL_INSTANCE:18:7:367
EVAL_INSTANCE:18:8:368
EVAL_INSTANCE:18:9:369
RUN_RESULT:18:0:0:2000:----
RUN_RESULT:18:1:0:147:DDRDDLLDDD
RUN_RESULT:18:2:0:2000:----
RUN_RESULT:18:3:0:2000:----
RUN_RESULT:18:4:0:2000:----
RUN_RESULT:18:5:0:2000:----
RUN_RESULT:18:6:0:875:LLLLLDDLDLDD
RUN_RESULT:18:7:0:2000:----
RUN_RESULT:18:8:0:2000:----
RUN_RESULT:18:9:0:2000:----
    19 |      190 | -3.848600E+03 | -3.899000E+03
TRACK:370;263;323;5;3;3;5;6;2;4;5;6;6;12;0;5;11;3;20;-5.382649138374372
TRACK:371;263;323;5;3;3;5;6;2;5;11;0;6;5;6;12;3;20;-5.74858735819226
TRACK:372;327;361;5;3;5;4;6;5;2;0;2;5;23;-9.336552197700836;6;15;2;5;23;-9.224090197912975;6;15;0;3;4;11;0;5;7;-0.45210761118399745;3;24
TRACK:373;327;361;5;3;5;4;6;5;2;0;4;1;24;12;2;5;23;-9.336552197700836;6;12;0;3;4;8;0;5;7;-0.3727842387786384;3;24
TRACK:374;283;323;5;3;3;5;6;2;4;5;6;15;0;3;1;14;15;3;20;-5.30398441652051
TRACK:375;283;323;5;3;3;5;6;2;4;5;2;2;23;9.347757604532159;14;3;8;0;6;5;6;15;3;20;-5.74858735819226
TRACK:376;304;263;5;3;5;4;6;5;2;0;4;1;24;12;2;5;23;-9.107525601377478;6;15;0;3;4;11;0;5;11;3;24
TRACK:377;304;263;5;3;3;5;24
TRACK:378;283;229;5;3;3;5;6;2;4;5;6;15;0;3;1;5;23;5.022905258126471;3;15;3;20;-5.30398441652051
TRACK:379;283;229;5;3;5;4;6;5;2;6;6;3;10;20;-5.30398441652051
TRACK:380;370;-1;5;3;3;5;6;2;3;14;0;5;11;3;20;-5.110545895668589
TRACK:381;372;-1;5;3;5;4;6;5;2;0;2;5;23;-9.161656462817183;6;15;2;5;23;-9.348958204584031;6;15;0;2;6;9;4;12;0;5;7;-0.4627300043878797;3;24
TRACK:382;283;-1;5;3;3;5;6;2;4;5;0;13;14;0;3;1;5;23;5.061044560214524;15;3;20;-5.612770843591612
TRACK:383;376;-1;5;3;5;4;6;5;2;0;4;1;7;6.920679979629313;12;2;5;23;-9.403601005899894;6;15;0;3;4;11;0;5;11;3;24
TRACK:384;378;-1;5;3;3;5;6;2;4;5;1;19;9;0;3;1;5;23;5.066828051640364;3;15;3;20;-5.24945211655325
TRACK:385;371;-1;5;3;3;5;6;2;5;11;0;6;5;20;6.543416399148864;3;20;-5.704972650959056
TRACK:386;373;-1;5;3;5;4;6;5;2;0;4;1;24;12;2;5;23;-9.17337018705022;6;12;1;1;9;17;2;18;20;8.78149685348188
TRACK:387;323;-1;5;3;3;5;6;2;4;5;2;2;23;9.266018638231644;14;3;8;0;6;5;3;15;3;20;-5.841090178900681
TRACK:388;377;-1;5;3;0;0;2;5;6;3;24;5;0;5;15;4;24;5;5;2;1;17;18;6;16;2;5;4;1;0;10;8;3;16;2;6;0;2;15;10;5;22;-7.528716381659429;4;1;2;14;24;2;18;8
TRACK:389;379;-1;5;2;6;0;2;4;14;1;22;3.866177414455695;12;5;2;7;-8.172391395825107;23;-7.156349383370548;5;0;6;4;25;0;0;9;17;6;8
EVAL_INSTANCE:19:0:380
EVAL_INSTANCE:19:1:381
EVAL_INSTANCE:19:2:382
EVAL_INSTANCE:19:3:383
EVAL_INSTANCE:19:4:384
EVAL_INSTANCE:19:5:385
EVAL_INSTANCE:19:6:386
EVAL_INSTANCE:19:7:387
EVAL_INSTANCE:19:8:388
EVAL_INSTANCE:19:9:389
RUN_RESULT:19:0:0:101:LLLLLDDLDLDD
RUN_RESULT:19:1:0:178:DDRDDDLLDLDD
RUN_RESULT:19:2:0:101:LLLLLDDLDLDD
RUN_RESULT:19:3:0:188:LLLLDDLDDD
RUN_RESULT:19:4:0:101:LLLLLDDLDLDD
RUN_RESULT:19:5:0:101:LLLLLDDLDLDD
RUN_RESULT:19:6:0:571:DDLUDLLLLDDD
RUN_RESULT:19:7:0:101:LLLLLDDLDLDD
RUN_RESULT:19:8:0:2000:----
RUN_RESULT:19:9:0:2000:----
    20 |      200 | -3.892300E+03 | -3.899000E+03
TRAINING ON LEVEL:174
of 184 levels
---LEVEL STRING---
____________________
_wwowwf....Kwbwwow._
_wB12wwF13.1w.wooWw_
_wwbww.o.oA12.oo.1w_
_LRwwV....o3o.wwo6r_
_11.Br1......kwwwwg_
_451.3..llll..wwwgg_
_..4lwgwlllllllwwwg_
_llllwvwllllllwK17w_
____________________
---LEVEL STRING---
training done.
The time of execution is: 960.4223945140839 s

TRAINING DONE


-----!!!NEW PROBLEM!!!-----


START TESTING

LEVEL:0:______\n_K.2._\n_kSF._\n_bB1._\n_..fR_\n_1..._\n_3.r._\n_251O_\n_s.31_\n_o..2_\n______
LEVEL:1:________\n_......_\n_......_\n_.Sb.s._\n_.1..s._\n_.4b..1_\n_B12..3_\n_......_\n________
LEVEL:2:____________\n_.........._\n_.r....f..._\n_.....bssss_\n_.R.......F_\n_B1..f..b.1_\n_AO........_\n_.rssssssss_\n_.........F_\n_ss...R...1_\n_....B12W.3_\n_oS14...1.._\n____________
LEVEL:3:__________\n_F13....G_\n_..R15a.1_\n_.......0_\n_a.A.b.a._\n_....a..._\n_B....ggg_\n_1.a.ag.a_\n_2....g.f_\n__________
LEVEL:4:__________\n_.....B12_\n_.W......_\n_.1wwwww._\n_.6wf..w._\n_..w..kw._\n_F.wwwww._\n_1......._\n_3...bK17_\n__________
LEVEL:5:_________\n_....B18_\n_......._\n_...R..._\n_...1..._\n_...3..._\n_......._\n_....B12_\n_......._\n_.b..R.._\n_....1.._\n_r...9.._\n_......._\n_________
LEVEL:6:____________\n_G13wwwwK14_\n_w.o.okofow_\n_wo.o.o.o.w_\n_wko.o.o.ow_\n_wggggggggw_\n_w.o.o.o.ow_\n_wo.o.o.okw_\n_w.o.o.o.ow_\n_wo.obo.o.w_\n_K17wwwwB12_\n____________
LEVEL:7:____________\n_F13wwwwK14_\n_w.o.okofow_\n_wo.oko.o.w_\n_wko.o.o.ow_\n_wo.o.o.okw_\n_wko.o.o.ow_\n_wo.o.o.okw_\n_wko.o.o.ow_\n_wo.obo.o.w_\n_K17wwwwB12_\n____________
LEVEL:8:__________\n_B12....F_\n_1......1_\n_9lllL.f3_\n_..rl1..._\n_...l8..._\n_...lllll_\n_.br....._\n_....R15._\n__________
LEVEL:9:___________\n_rg9SkofVr_\n_GF.6WOV0A_\n_Fw0.3o6AB_\n_A5W..5A2l_\n_.WO5KlF.1_\n_441934sR2_\n_vF38vVb.k_\n_W4bAS.K1K_\n_kO9.W..21_\n_0Ba4o3.L2_\n_w9G.SG99v_\n_g9Br5Kkbk_\n_.l7RRG6r3_\n_LFffV..Gv_\n_ga8.ro1wr_\n_VWV7R..3._\n___________
LEVEL:10:__________\n_........_\n_....V12._\n_........_\n_...v...._\n_F.v.v..._\n_1..v...._\n_3......._\n_....f..._\n__________
LEVEL:11:__________\n_b....Vwv_\n_.....1ww_\n_.....3.._\n_........_\n_........_\n_.....BW._\n_.....11._\n_.....26._\n__________
LEVEL:12:__________\n_...K..3._\n_.f.k...._\n_kkkk...._\n_...kgkkk_\n_........_\n_G10...b._\n_.....B12_\n_K14..F13_\n__________
LEVEL:13:__________\n_..Bwwlll_\n_b.1wwlll_\n_..2wwlll_\n_...wwlll_\n_...wwlll_\n_W16....._\n_....F13._\n_s...wwwf_\n__________
LEVEL:14:__________\n_G10gl.f._\n_.aagl.l._\n_.R.gg.ll_\n_.b..gggl_\n_...a...a_\n_..r....5_\n_B12.1..._\n_F13a.L16_\n__________
LEVEL:15:__________\n_bW12..Fr_\n_........_\n_w.w.w..S_\n_.s...s.1_\n_..w.www4_\n_B.3s1..._\n_1.w.w..._\n_2.....Rf_\n__________
LEVEL:16:__________\n_bW12..Fr_\n_........_\n_w.w.w..S_\n_.s...s.1_\n_..w.www4_\n_B.3s1..S_\n_1.w.w..._\n_2.....Rf_\n__________
LEVEL:17:__________\n_.f......_\n_.......3_\n_kkkkgkkk_\n_...g.g.._\n_K14k.k.._\n_...k.kkk_\n_B12k..b._\n_F13....._\n__________
LEVEL:18:____________________\n_B.S14.O16.R15.B12._\n_1.F13.G16.V17....._\n_.Sv..............._\n_Rggggggggggggggggg_\n_1ggggggggggggggggg_\n_.F......gggggggggg_\n_ooo.......gggggggg_\n_wwwoo.......gggggg_\n_wwwwwoo.......gggg_\n_wwwwwwwoo..r......_\n_wwwwwwwwwoo.b....._\n_wwwwwwwwwwwooaaaaa_\n____________________
LEVEL:19:_________________\n_F13w.f.w.a...rw_\n_.a.wa...b.a.a.w_\n_wwrwwwww..wwwww_\n_...a...a....a.._\n_wwwwww.wwwwwwww_\n_.a.........ar.._\n_www.wwwwwwwwwww_\n_.a...a......ba._\n_..b......a....._\n_wwwwwwwwww.war._\n_k...a.....awwww_\n_wwwwwwwwwwwwB14_\n_R16wW16wK12wB17_\n_________________
LEVEL:20:__________\n_...s.V12_\n_v..s...._\n_..sssfss_\n_..s..s.._\n_F..s..s._\n_1.....s._\n_3..S14.._\n_........_\n__________
LEVEL:21:____________________\n_.Laallgg.......BG._\n_.1aallgg.......11._\n_.8aallgg.......90._\n_..aallgg.........._\n_..9allgg.......v.._\n_..aallgg.......V.._\n_b.2allgg.......1.._\n_llllllgg.......3.._\n_llllllgg.........._\n_gggggggg.........._\n_gggggggg.......B12_\n____________________
LEVEL:22:__________\n_........_\n_...b...._\n_........_\n_F......._\n_1.B.f..._\n_3.1....._\n_..2....._\n_........_\n__________
LEVEL:23:__________\n_........_\n_B...b..._\n_1......._\n_2......._\n_........_\n_..3...f._\n_F1....f._\n_........_\n__________
LEVEL:24:__________\n_S13....._\n_.......f_\n_...r...3_\n_........_\n_........_\n_F14..R12_\n_........_\n_......s._\n__________
LEVEL:25:_________________\n_....gg.....l..._\n_....gg.....l..._\n_....gg.....l..._\n_.b..gg.....l..._\n_....gg.....l..._\n_....gg.....l..._\n_....gg.....l..._\n_....gg.B12.l..f_\n_....gg.....l..._\n_K...gg.....l..._\n_B12.gg..k..l..._\n_....gg.....l..._\n_....gg.....l..._\n_....gg.G10.l..._\n_....gg.....l..._\n_....gg.....lF13_\n_....gg.....l..._\n_....gg.....lL14_\n_________________
LEVEL:26:__________\n_.ssss.s._\n_..ss.fv._\n_...as.v._\n_.F12.A.._\n_.....1.._\n_.....3.._\n_.ggg...._\n_.s......_\n__________
LEVEL:27:__________\n_glF13S12_\n_gksgggVV_\n_ggrrrrV2_\n_vggkgkVr_\n_vvgvvvVr_\n_vvvvvlVl_\n_vvvvvlVl_\n_vvvvl.fl_\n__________
LEVEL:28:__________\n_B12..VGF_\n_S.....1._\n_1.b.s35f_\n_4...sss._\n_........_\n_gggggggg_\n_...vv..._\n_........_\n__________
LEVEL:29:__________\n_V.2a..12_\n_B12avF.._\n_bv.a...._\n_aaaaaaaa_\n_...a...._\n_..2a.A.._\n_A16a1..._\n_.1.a2f3._\n__________
LEVEL:30:__________\n_K17....._\n_......O._\n_k.vwww.._\n_...wow.k_\n_...www.._\n_KV..W16._\n_11.O1.3._\n_42..k..._\n__________
LEVEL:31:___________________\n_B12w...ag...wG10._\n_wwww...gg...wW16._\n_..13...ga...wwwww_\n_.V15..agga......._\n_.R...araga.a....._\n_.....a.ggaaa....._\n_ggggggggaaaav...._\n_.v....agga......._\n_....b..aga......._\n_......agga......._\n___________________
LEVEL:32:__________\n_b.....f._\n_.....V12_\n_........_\n_F13....._\n_........_\n_........_\n_....v..._\n_........_\n__________
LEVEL:33:__________\n_........_\n_...bV12._\n_........_\n_........_\n_.B13...._\n_........_\n_........_\n_...vv..._\n__________
LEVEL:34:__________\n_...V13.._\n_v......._\n_........_\n_......b._\n_....B12._\n_........_\n_..V15..._\n_........_\n__________
LEVEL:35:__________\n_..F1.3.._\n_llllllll_\n_..L14..._\n_........_\n_........_\n_........_\n_........_\n_bB12...f_\n__________
LEVEL:36:__________\n_B12.F13._\n_........_\n_...sss.._\n_.b.sfs.._\n_...s...._\n_...s...._\n_........_\n_........_\n__________
LEVEL:37:__________\n_s..S..a._\n_k.o....l_\n_.g....b._\n_L.g..b.w_\n_g.s..fs._\n_....B..l_\n_b...1r.._\n_G13.2b.._\n__________
LEVEL:38:__________\n_.Rrbll.f_\n_L18.lll._\n_.5..ll.r_\n_..r.ll.1_\n_..r.ll.l_\n_.F..ll.B_\n_B19.ll.1_\n_r3r....2_\n__________
LEVEL:39:__________\n_A.2...bg_\n_1.G.3.a._\n_wwg1W16._\n_..12B12b_\n_........_\n_........_\n_........_\n_........_\n__________
LEVEL:40:__________\n_b..lsllf_\n_...lslll_\n_.S.lslll_\n_L18lslll_\n_.6.ls..._\n_F......._\n_1......._\n_3.B12..._\n__________
LEVEL:41:____________________\n_llllllff........L._\n_lgggglff........1._\n_lbggglff........5._\n_lg..glff.........._\n_lG15glff.........._\n_llllllff.........._\n_ffffwww..........._\n_ffff.............._\n_.................._\n_.........F.3......_\n_..B12.....1......._\n_.................._\n_.........k........_\n_....K12..........._\n_.................._\n_.................._\n_................7._\n_.................._\n____________________
LEVEL:42:__________\n_f.k.k.kk_\n_.B12F13._\n_k......k_\n_...b...._\n_k......k_\n_........_\n_k......k_\n_.K14K17._\n__________
LEVEL:43:__________\n_ffffffff_\n_W16....._\n_Bk......_\n_1.k...k._\n_2...k..._\n_w..wwwww_\n_...k...._\n_Kk.....k_\n_1k...k.._\n_7......._\n_w..wwwww_\n_........_\n_F13...k._\n_K..k...._\n_1......._\n_4...kk.b_\n__________
LEVEL:44:__________\n_FWwwwwww_\n_11wb.fww_\n_36wwwwww_\n_G10wgkww_\n_wwwwwwww_\n_wBKwwwww_\n_w11wwwww_\n_b2.kwwww_\n__________
LEVEL:45:___________\n_.F.w..V.._\n_o1.w.o1.._\n_.4.w.o2.o_\n_wwww.o..._\n_.ov...oWw_\n_.ov.o..1w_\n_..o.O186w_\n_foo..wF13_\n___________
LEVEL:46:____________________\n_W........wwwwwwwww_\n_1wwwwwwwww......Kw_\n_6wK17ooowwR1.O.81w_\n_Kwkooo3oww..3.1.9w_\n_1wkoooooww.......w_\n_4wo1kbkowwaaaaw.ww_\n_Awooooooww.....ww._\n_1woooooowwb..w..w._\n_9wwwwwwwwww.sw.ww._\n_Awwwwwwwwwwwlwwww._\n_1wb.....ww......w._\n_4wwwww.www.b.R..w._\n_Sw......ww.r.1..w._\n_1ww.wwwwww...5L.w._\n_4wrrrrrrww....1.w._\n_Bwrrfrrrww....8.w._\n_1wwwwwwwwwwwwwwww._\n_9R19F13L18R14B12.._\n____________________
LEVEL:47:______\n_fr.b_\n_F13w_\n_gggg_\n_wwww_\n_F17w_\n_R15w_\n_G10W_\n_B121_\n_W16W_\n______
LEVEL:48:__________\n_WSLlllll_\n_111llllk_\n_556llK12_\n_lllllB17_\n_lllllK1._\n_lllkklll_\n_lllwwlll_\n_FllssllF_\n_1......1_\n_3......3_\n_f......f_\n_........_\n_........_\n_oooggooo_\n_..o..o.._\n_GBo..oOS_\n_11ob.o11_\n_89o..o58_\n__________
LEVEL:49:____________________\n_Wwvvvvvvvfvvvvvvvv_\n_1wvvvvvvv.vvvvvvvv_\n_6wvvvvvvv.vvvvvvvv_\n_Fwvvvvvvv.vvvvvvvv_\n_1wvvvvvvv.vvvvvvvv_\n_3wvvvvvvvvvvvvvvvv_\n_Vwvvvvvvvvvvvvvvvv_\n_1wvvvvvvvvvvvvvvvv_\n_4wvvvvvvvvvvvvvvvv_\n_wwvvvvvvvvvvvvvvvv_\n_..............s..._\n_......r.r.....sS.._\n_...b..rrr.....s1.._\n_..B12..R......s4.._\n_.......1......s..._\n_.......5..O1O.s..._\n_..............w..._\n_..............w..._\n____________________
LEVEL:50:_______\n_bB12._\n_...F._\n_.fR15_\n_...3._\n_.r..._\n_______
LEVEL:51:________\n_rrrrrr_\n_rrrrrr_\n_rrbrrr_\n_rr.rRr_\n_r..B12_\n_r.3.6._\n________
LEVEL:52:____________\n_v......V12_\n_...f.....F_\n_.R.....b.1_\n_B12......3_\n_...S.S14.._\n____________
LEVEL:53:__________\n_bB1...2._\n_..fR1SF._\n_1...31s._\n_3.r..2.1_\n__________
LEVEL:54:_________\n_......._\n_....b.._\n_....s.._\n_......F_\n_.B12..1_\n_......3_\n_...S121_\n_________
LEVEL:55:____________\n_.........._\n_.b..S....._\n_.....712.._\n_.....O...._\n_.B........_\n_...b.....F_\n_.........1_\n_GokK12...3_\n_V......B1._\n_r........R_\n____________
LEVEL:56:________\n_......_\n_.b...._\n_......_\n_......_\n_.S...._\n_.1...._\n_.BB123_\n_.s...3_\n________
LEVEL:57:____________\n_B1.B.....B_\n_R1.......1_\n_..5....S12_\n_.........._\n_.r.....b.._\n_...L......_\n_......1..F_\n_..f......1_\n_......s..4_\n_F13......._\n____________
LEVEL:58:_______\n_F.B12_\n_1b..._\n_3...f_\n_..k.._\n_K17.._\n_______
LEVEL:59:____________\n_B12w.....S_\n_K12w.....1_\n_F16w....7._\n_wwww......_\n_G1........_\n_1.....s..._\n_.0.3.sbs.._\n_g.....s..g_\n_gg......gg_\n_ggg....ggg_\n____________
LEVEL:60:____________\n_B12......S_\n_Br.......1_\n_R..f.....F_\n_.........1_\n_G1.......3_\n_1.....s.f._\n_.0.3.sbs.F_\n_g.....s..g_\n_gg..13..gg_\n_ggg....ggg_\n____________
LEVEL:61:_________\n_.....B8_\n_......._\n_...R..._\n_..o1..._\n_......._\n_....B.._\n_......._\n_....rs._\n_..1SF.._\n_fB31s.._\n_F112o.._\n_......._\n_________
LEVEL:62:________\n_......_\n_......_\n_......_\n_......_\n_......_\n_......_\n_..B..._\n_..1..._\n_..2F13_\n_..b..._\n_......_\n_......_\n_f.F15._\n_......_\n_......_\n________
LEVEL:63:_____________\n_.....2....._\n_.b...F....._\n_....w.712.._\n_.B....O...._\n_....S.....F_\n_........S.1_\n_.....K12..._\n_.b.W......._\n_........s.._\n_.....B12s3k_\n_..........k_\n_____________
LEVEL:64:_________\n_Fw.f.wB_\n_1w...w1_\n_3wwwww2_\n_......._\n_..W16.._\n_......._\n_...b..._\n_________
LEVEL:65:____________\n_B13......F_\n_....f....1_\n_rrrR1Rrrr2_\n_........b._\n____________
LEVEL:66:____________\n_F13wwwwK14_\n_w.o.okofow_\n_wo.o.o.o.w_\n_wko.o.o.ow_\n_wo.o.o.o.w_\n_w.o.o.o.ow_\n_wo.o.o.okw_\n_w.o.o.o.ow_\n_wo.obo.o.w_\n_K17wwwwB12_\n____________
LEVEL:67:____________\n_.........._\n_llllllll.._\n_.....r...._\n_.........._\n_..b..r...._\n_.........._\n_gggggggg.._\n_W13..G17.._\n_.........._\n_B12......._\n____________
LEVEL:68:___________\n_B12w....._\n_wwww.brk._\n_.R......._\n_........._\n_ggggggggg_\n_.1......._\n_.5......._\n_........._\n_.K......._\n_........._\n_ggggggggg_\n_........._\n_......ooo_\n_wwww..ofo_\n_W16w..ooo_\n_G10w..F13_\n___________
LEVEL:69:__________\n_k....b.._\n_w....o.o_\n_sB123ggg_\n_.fR.oo.o_\n_.....bg._\n_.r..f..._\n_.s.bs..k_\n_..sg.www_\n__________
LEVEL:70:__________\n_...12..._\n_...r.ooo_\n_2...B11O_\n_......31_\n_s2.3...2_\n_........_\n_..R1..F1_\n_.....S14_\n__________
LEVEL:71:_______________\n_.l..gL16g..l._\n_.l..ggggg..l._\n_............._\n_............._\n_..l.......l.._\n_..l.......l.._\n_3....G10....3_\n_..l.......l.._\n_..l.......l.._\n_............._\n_............._\n_.l..ggggg..l._\n_.l..gL12g..l._\n_______________
LEVEL:72:__________\n_.kSFr..._\n_vbR1Sbb._\n_g..31skB_\n_r...2so8_\n_bss...a4_\n_FR...aa._\n_S1o....w_\n_W6R11oof_\n__________
LEVEL:73:__________\n_........_\n_....V12._\n_........_\n_........_\n_F.v.v..._\n_1..v...._\n_3......._\n_....f..._\n__________
LEVEL:74:__________\n_........_\n_....V12._\n_..v.v..._\n_..vvv..._\n_F.v.v..._\n_1..v...._\n_3......._\n_....f..._\n__________
LEVEL:75:__________\n_.....B12_\n_.W.14..._\n_.1wwwww._\n_.6wf..w._\n_..w..kw._\n_F.wwwww._\n_1......._\n_3...bK17_\n__________
LEVEL:76:____________\n_K..w.kwK14_\n_1...okkfow_\n_7...B12o.w_\n_s.k......._\n_.....R...._\n_w.www..W16_\n_w........._\n_..b...r..k_\n_w........._\n_..kwwwF13._\n____________
LEVEL:77:____________\n_K.kw.kwK14_\n_1...okkfo._\n_7.o.A12o.w_\n_s.2..r.o.._\n_.....R...._\n_w.www..W16_\n_w...o..o.._\n_..b...rbak_\n_w...5...o._\n_b.fwwwF13._\n____________
LEVEL:78:__________\n_...12..._\n_...rg1.._\n_........_\n_.s..wk2g_\n_F12.V7f._\n_w.F.v..._\n_3R25K..._\n_..v....._\n__________
LEVEL:79:__________\n_W16..R15_\n_.....R13_\n_..R....._\n_B1B12.ww_\n_......wr_\n_......ww_\n_........_\n_b....R19_\n__________
LEVEL:80:__________\n_W16..R15_\n_.....R13_\n_..R....._\n_B1B12.ww_\n_......wr_\n_......ww_\n_...R...._\n_bB1..R19_\n__________
LEVEL:81:__________\n_B1B....f_\n_1......._\n_2......._\n_........_\n_........_\n_.......F_\n_.......1_\n_b......3_\n__________
LEVEL:82:__________\n_V1V....B_\n_.......1_\n_V1.....2_\n_..F....._\n_........_\n_........_\n_........_\n_bv....7F_\n_.......1_\n_.......3_\n_wwwwwwww_\n_.v....W._\n_......1._\n_f.....6._\n__________
LEVEL:83:__________\n_B12..F13_\n_........_\n_........_\n_........_\n_.b....f._\n_........_\n_........_\n_........_\n__________
LEVEL:84:__________\n_.K14.B12_\n_.fow...._\n_2o.w...3_\n_..1.W..w_\n_..4...k._\n_....rr.._\n_........_\n_....bK17_\n__________
LEVEL:85:__________\n_l......._\n_...b...._\n_L1B....._\n_..1....._\n_..2F...._\n_.b.bB1Br_\n_........_\n_.f....13_\n__________
LEVEL:86:__________\n_bF132..G_\n_....g1.1_\n_..B12AO._\n_.RF13wwr_\n_a12....._\n_o.....WF_\n_......F1_\n_.....f.._\n__________
LEVEL:87:__________\n_W16w..s._\n_...wF..._\n_...w1..._\n_...w3..._\n_r..w...._\n_...wR.b._\n_S14wB12._\n_.1Fw...r_\n__________
LEVEL:88:__________\n_W16w..s._\n_.14wF..._\n_F..w1..._\n_...w3..._\n_..rw...._\n_...wR.b._\n_S14wB12._\n_.1Fw...r_\n__________
LEVEL:89:__________\n_........_\n_WW..W16._\n_11b.B12._\n_9W......_\n_........_\n_FL...www_\n_11...wll_\n_38...wlf_\n__________
LEVEL:90:________________\n_K17..........._\n_1....3........_\n_.4w.k...Ww...._\n_..l.....1....._\n_..lw.k.76Ww..._\n_..l..........._\n_lllllllll....._\n_......ll......_\n_.............._\n_b............._\n_L14........B12_\n________________
LEVEL:91:__________\n_...K.3.._\n_.f.k...._\n_kkkk...._\n_...kgkkk_\n_........_\n_G10...b._\n_.....B12_\n_K14..F13_\n__________
LEVEL:92:__________\n_.....b.s_\n_FBs....s_\n_f13....s_\n_.2..rrrr_\n_...r...._\n_...r.RF._\n_...r.11._\n_S14r.5.._\n__________
LEVEL:93:__________\n_.B1..ww._\n_s..S...f_\n_.w1ww4.._\n_.w.SF..1_\n_1.4.Bw.4_\n_3bww3w.._\n_.......s_\n_.W12.s.._\n__________
LEVEL:94:__________\n_........_\n_B12....._\n_S16....._\n_K13.b..._\n_G16....._\n_F16..v.v_\n_.....vsv_\n_V16..vkf_\n__________
LEVEL:95:___________\n_s...f...s_\n_.k.....k._\n_..k...k.._\n_...k.k..._\n_....k...._\n_....S14.._\n_........._\n_K17...K14_\n_B12.b.F13_\n___________
LEVEL:96:__________\n_.B1.sF13_\n_S142s..._\n_...fs..._\n_sssss..._\n_........_\n_.....17._\n_.B12..b._\n_........_\n__________
LEVEL:97:_________\n_....F13_\n_......._\n_..K...._\n_..1...._\n_.f2...._\n_......._\n_k......_\n_________
LEVEL:98:__________\n_........_\n_...F13.._\n_........_\n_.......v_\n_B.....a._\n_1......._\n_2..O...._\n_..k.fb.S_\n__________
LEVEL:99:__________\n_B12.gggf_\n_F13agggg_\n_R15.gggg_\n_G10.gggg_\n_.a......_\n_..r..rr._\n_..rrrrrr_\n_b..rr..._\n__________
LEVEL:100:__________\n_........_\n_........_\n_.B...k.._\n_1......._\n_wwwvwwww_\n_.b......_\n_........_\n_.....3.._\n_...K...._\n_....1..._\n_..7....._\n_........_\n_.......V_\n_.......1_\n_B12..W14_\n__________
LEVEL:101:__________\n_....B12b_\n_....b..._\n_.......F_\n_...1...1_\n_......12_\n_........_\n_gb...f.._\n_g......._\n_g1..Rr.._\n_gfRf12.k_\n_G.f36..._\n_.b.15..F_\n_G.f....1_\n_.......4_\n_K13....._\n__________
LEVEL:102:__________\n_........_\n_........_\n_.bf....._\n_......B._\n_......1._\n_.F13..2._\n_........_\n_........_\n__________
LEVEL:103:___________\n_oLoLBLoLo_\n_o1o111o1o_\n_w8w828w8w_\n_ooo131ooo_\n_L18oboooo_\n_oooowoOoo_\n_L18oWoL18_\n_oooo1oooo_\n_L14o6oo1L_\n___________
LEVEL:104:_______________\n_B12wwW16.F.13_\n_K14ww.......k_\n_1bG.w.....k.._\n_7.1ww.w.....k_\n_f.4ww.....k.._\n_gggww..k....._\n_gggwwk......._\n_gggww..k....._\n_gggwwk......._\n_k..www..k...k_\n_..k..www..k.._\n_k......w...kw_\n_wwwwww...wwww_\n_______________
LEVEL:105:___________\n_B19L18F13_\n_1wwwwwwwW_\n_2w..b..w1_\n_ww.....w6_\n_..A....wA_\n_a.1.a..w1_\n_...5...w9_\n_.llllllll_\n_.llllllll_\n_.....l..._\n_.V1.vl.f._\n_.1...l..._\n_..2.lllll_\n___________
LEVEL:106:__________\n_.f......_\n_........_\n_kkkkkgkk_\n_B12....._\n_........_\n_G10....._\n_..F13..._\n_......b._\n__________
LEVEL:107:__________\n_.....L14_\n_.llK14wF_\n_.Wrb...1_\n_.ww....3_\n_.ww....._\n_.R1....._\n_........_\n_.1F..B12_\n__________
LEVEL:108:__________\n_b....V.B_\n_.....1.1_\n_..3..9.2_\n_.F...s.._\n_S14sss.._\n_........_\n_........_\n_....f..k_\n__________
LEVEL:109:______________\n_l.bFk...l..._\n_l.B12...l..._\n_l.k42....l.._\n_ll...R..rl2._\n_.1l......l.._\n_..llKl.lll.._\n_.k..1......._\n_....8.f..4.._\n_..2........._\n_..F1.9..K12._\n_...3........_\n_............_\n______________
LEVEL:110:__________\n_B12...fO_\n_...3...._\n_.b......_\n_F......o_\n_1......l_\n_L1......_\n_3......._\n_........_\n__________
LEVEL:111:__________\n_.2......_\n_S..b...._\n_..B....._\n_ww1....._\n_W1......_\n_.F12ss.._\n_....B123_\n_.f.....3_\n__________
LEVEL:112:__________\n_b....F13_\n_l..W16.._\n_llwlllll_\n_.....V.._\n_gggG..12_\n_v.g1.L18_\n_f.g0...._\n_ggg..B12_\n__________
LEVEL:113:______\n_...._\n_.r.._\n_...f_\n_R12._\n_..F._\n_..1._\n_..3._\n_...._\n_...._\n______
LEVEL:114:___________\n_B12aab..._\n_.......A._\n_.......1._\n_F13....7._\n_ggggggggg_\n_ggwwwwwgg_\n_www.f.www_\n_W16.k.G14_\n___________
LEVEL:115:__________\n_........_\n_........_\n_..F12..._\n_........_\n_....31A._\n_fff....._\n_..f....._\n_a.f....._\n__________
LEVEL:116:__________\n_........_\n_.......o_\n_..f....._\n_........_\n_...K13.._\n_.r.g..B._\n_..w...1._\n_...b..2k_\n__________
LEVEL:117:__________\n_B1.awB12_\n_f.o..12._\n_b....rg1_\n_1......._\n_3..Rrr.5_\n_....r..l_\n_g7.w.Ar._\n_K2.k..or_\n__________
LEVEL:118:__________\n_B12..F13_\n_1......._\n_9......._\n_..rb.9.._\n_........_\n_..R..5.._\n_..1....v_\n_V18...vf_\n__________
LEVEL:119:__________\n_b......B_\n_..1.R..1_\n_.R...5.2_\n_........_\n_.0.rrr.._\n_gggggggg_\n_gg...G10_\n_fg...F13_\n__________
LEVEL:120:__________\n_........_\n_S12.B..._\n_S..1..2._\n_........_\n_K.....s._\n_...b...._\n_........_\n_3......._\n__________
LEVEL:121:__________\n_........_\n_.b......_\n_..B....._\n_..1....._\n_..2....._\n_..3....._\n_.Ss....._\n_........_\n__________
LEVEL:122:__________\n_b......._\n_........_\n_...f...._\n_B......._\n_1......._\n_2......._\n_l......._\n_ff.lF13._\n__________
LEVEL:123:__________\n_....B12._\n_....F13._\n_k.b....._\n_....K1.._\n_....fR.._\n_........_\n_........_\n_....r..._\n__________
LEVEL:124:__________\n_........_\n_...b...._\n_........_\n_........_\n_..B...F._\n_..1...1._\n_..2...3._\n_........_\n_........_\n_.......f_\n_........_\n__________
LEVEL:125:__________\n_........_\n_b......._\n_........_\n_...r...._\n_..R12..._\n_.....F.f_\n_.....1.._\n_.....3.._\n__________
LEVEL:126:__________\n_..B12..._\n_........_\n_....F..._\n_..fR15.._\n_b...3..._\n_........_\n_........_\n_..r....._\n__________
LEVEL:127:__________\n_F13....._\n_........_\n_........_\n_.b......_\n_........_\n_...B12.._\n_........_\n_f......._\n__________
LEVEL:128:__________\n_....LLLr_\n_1...LLL._\n_F......._\n_.......F_\n_.......1_\n_.......3_\n_..Rb...._\n_.....B12_\n__________
LEVEL:129:__________\n_......13_\n_..W16..._\n_...B1B.._\n_..B1...._\n_..12...._\n_wwb....._\n_........_\n_........_\n__________
LEVEL:130:_______________\n_......w......_\n_......r..R15._\n_..g.ggr.w...._\n_..g...r...w.._\n_g.rrr.rrk...._\n_.....rK14...._\n_.r.w...r..k.._\n_..r.w.r..ggrg_\n_.bwwwwr.W16r._\n_.wr.rrrwr..k._\n_.w...gw.r..k._\n_.w.f.g..r...._\n_.wr.....r...._\n_B12G10..r.F13_\n_______________
LEVEL:131:_______________\n_......w......_\n_......r..R15._\n_..g.ggr.w...._\n_..g...r...w3._\n_g.rrr.rrk...._\n_.....rK14...._\n_.r.w...r..k.._\n_..r.w.r..ggrg_\n_.bwwwwr.W16r._\n_.wr.rrrwr..k._\n_.w...gw.r..k._\n_.w.f.g..r...._\n_.wr.....r...._\n_B12G10..r.F13_\n_______________
LEVEL:132:__________\n_.......f_\n_........_\n_.k......_\n_..k....._\n_b..k...._\n_.....F13_\n_B12....._\n_........_\n__________
LEVEL:133:__________\n_........_\n_........_\n_llllllll_\n_L.....B._\n_1...b.1._\n_8.....9._\n_........_\n_B12..F13_\n__________
LEVEL:134:_______________\n_b........wF19_\n_G.R.B.R.SwV18_\n_1.R.1.1.1wV17_\n_6.R.2.5.6wF13_\n_...r.r...wW16_\n_.........wG1G_\n_....g....wS1S_\n_wwwwswwwwwwww_\n_vg..f..svw..._\n_______________
LEVEL:135:__________\n_......F._\n_f......o_\n_..b....f_\n_......R._\n_.r....11_\n_.1OB12.._\n_1..b...._\n_3......._\n__________
LEVEL:136:__________\n_........_\n_b.....b._\n_.....b.._\n_...r...._\n_..R12..._\n_.....F.f_\n_.b...1.._\n_.....3.._\n__________
LEVEL:137:__________\n_F13....._\n_........_\n_........_\n_.b......_\n_........_\n_.....B12_\n_........_\n_f......._\n__________
LEVEL:138:__________\n_......BF_\n_.b....11_\n_....R.23_\n_1..5.r.._\n_.....r.._\n_gggggggg_\n_gggggggg_\n_gggggfgg_\n__________
LEVEL:139:__________\n_V.2a..12_\n_B12avF.._\n_bv.a...._\n_aaaaaaaa_\n_...a...._\n_r.Ra.A.._\n_A16a1..._\n_A1032f3._\n__________
LEVEL:140:__________\n_F13....f_\n_....llV._\n_....ll1l_\n_....ll2l_\n_...lll.l_\n_...lllll_\n_.v......_\n_........_\n__________
LEVEL:141:__________\n_........_\n_F12....._\n_....3..._\n_....V1.._\n_........_\n_........_\n_...f.l.v_\n_.....l.._\n__________
LEVEL:142:__________\n_....w.b._\n_....w..w_\n_B13.w.ww_\n_........_\n_F12.fff._\n_........_\n_....W15._\n_........_\n__________
LEVEL:143:__________\n_G......._\n_1..L14.._\n_0......F_\n_.......1_\n_.b.....3_\n_ggg....._\n_llg.B12._\n_fl......_\n__________
LEVEL:144:__________\n_bB1...2._\n_..fR1SF._\n_1...31s._\n_3.s..2.1_\n__________
LEVEL:145:__________\n_......wf_\n_W15..w.._\n_.....w.w_\n_.B12w.w._\n_.....w.._\n_...b..ww_\n_F13...w._\n_......w._\n__________
LEVEL:146:____________\n_A18wa....._\n_B19ww..a.._\n_1ssswa..a._\n_2K13wV13a._\n_wwwww..a.._\n_aaaaa...a._\n_a....aaVav_\n_..aa.aa1av_\n_a.ba.a.8av_\n_aaaa...akv_\n____________
LEVEL:147:__________\n_...w..w._\n_..w.fw.._\n_V12..v.w_\n_....w.w._\n_..ww...w_\n_F13.w.v._\n_.b.v...._\n_....W15._\n__________
LEVEL:148:__________\n_.....w.._\n_F13v...._\n_..V1..w._\n_.b..2..._\n_.W15...w_\n_.w...w.._\n_....w..._\n_B12.w.f._\n__________
LEVEL:149:__________\n_fwwwwwGF_\n_ggwwww11_\n_ggrwww03_\n_g...wwwW_\n_r....ww1_\n_.W19.R16_\n_.O18.1ww_\n_bB12b5.w_\n__________
LEVEL:150:__________\n_.......4_\n_.b..v.gb_\n_..lBOrv._\n_O131..F._\n_.sf2..f._\n_..w...bl_\n_...g.v.._\n_A.of.f.9_\n__________
LEVEL:151:__________\n_.B......_\n_.1..F13O_\n_.2bR...._\n_........_\n_......a._\n_........_\n_........_\n_...f...._\n__________
LEVEL:152:____________________\n_BWw..............._\n_11w.....G10......._\n_26w..wwwwwwww....._\n_www..woooooow....._\n_.....wooR15ow....._\n_.....woooooow....._\n_.....woborrow....._\n_.....woooooow....._\n_..wwwwwggggwwwww.._\n_..w............w.._\n_..w............w.._\n_..w............w.._\n_..wggg.........w.._\n_..wggg.....F13.w.._\n_..wfgg.........w.._\n_..wwwwwwwwwwwwww.._\n_.................._\n_.................._\n____________________
LEVEL:153:__________\n_L1.....O_\n_1......1_\n_8......9_\n_........_\n_F15.V12._\n_w.l.Kv.._\n_3.2.V..k_\n_.......k_\n__________
LEVEL:154:__________\n_B1gg..kb_\n_...v...._\n_......f3_\n_a3V12..._\n_........_\n_.g......_\n_K1.G...._\n_B1...F13_\n__________
LEVEL:155:__________\n_B12..G10_\n_...f...._\n_........_\n_gggggggg_\n_b......._\n_.....r.._\n_........_\n_F13..R15_\n__________
LEVEL:156:__________\n_.R.bll.f_\n_L18.lll._\n_.5..ll.r_\n_..r.ll.1_\n_..r.ll.l_\n_.F..ll.B_\n_B19.ll.1_\n_.3.....2_\n__________
LEVEL:157:__________\n_V12.r..._\n_R.rr2rw._\n_1r....wg_\n_4.ggrrwv_\n_gggF13aa_\n_r.gggggg_\n_a..rarar_\n_fargrara_\n__________
LEVEL:158:__________\n_B12..G10_\n_........_\n_gg..b.1._\n_Fgsr.r5._\n_.gsr.R.._\n_.gs....._\n_.gssss.._\n_.13S141F_\n__________
LEVEL:159:__________\n_B12..G10_\n_sss....._\n_gg..b.1._\n_Fgsr.r5._\n_.gsr.R.._\n_.gs....._\n_.gssss.._\n_.13S141F_\n__________
LEVEL:160:__________\n_kBK.w.b._\n_..1ww..._\n_..2w...._\n_wwww..V._\n_......1._\n_......3._\n_W18....._\n_.....B19_\n__________
LEVEL:161:__________\n_BK13gggG_\n_1rrrggR1_\n_2rbrgR16_\n_.rrrgg7g_\n_.ggggrgg_\n_.ggggggg_\n_.g..rggr_\n_.r.r.r.k_\n__________
LEVEL:162:__________\n_bwawaB12_\n_wawawawa_\n_awawawaw_\n_wawawawa_\n_awawawaw_\n_wawawawa_\n_awawawaw_\n_F13awawf_\n__________
LEVEL:163:__________\n_........_\n_.aaaaa.1_\n_.aabaa.3_\n_.aaaaa.._\n_........_\n_.A......_\n_.1......_\n_.2...B12_\n__________
LEVEL:164:__________\n_KRg...rs_\n_11.g..rr_\n_45.gg..._\n_.B13g..._\n_....wS12_\n_L...l..._\n_1.kkl.k._\n_0b.ll.k._\n__________
LEVEL:165:__________\n_VB12...3_\n_1o..o..._\n_4o..vK16_\n_oo.o...._\n_vobo.kk._\n_..o....._\n_..v..v.._\n_........_\n__________
LEVEL:166:__________\n_wfkwwwww_\n_lwwlwwlw_\n_sllsllsl_\n_.s......_\n_....b.s._\n_W16F13.._\n_..B19S14_\n_L18..B12_\n__________
LEVEL:167:__________\n_kk.k.kkk_\n_llo..o.k_\n_.lo..o.k_\n_.loooo.k_\n_.llll..k_\n_..looooo_\n_..lollll_\n_..lollll_\n_....llll_\n_........_\n_........_\n_L16....._\n_........_\n_........_\n_BK13...._\n_1......._\n_2.K17..._\n_b......._\n__________
LEVEL:168:_____________\n_..wwB12ww.._\n_..........._\n_..wwrwrww.._\n_..w.....w.._\n_W.Rw.b.wR.B_\n_1.w.....w.1_\n_6.w.....w.2_\n_w.w.......w_\n_w1.ww.ww.1w_\n_.........3._\n_..wwR15w..._\n_____________
LEVEL:169:_____________\n_B12F13fL17._\n_..........._\n_l.l.ll.ll.._\n_..........._\n_l.l..l..l.._\n_l..l..l...._\n_.l.....l.l._\n_ll.l.l.l..l_\n_..........._\n_..........._\n_b...B19.L18_\n_____________
LEVEL:170:__________\n_..b....._\n_B12.www._\n_K1.w.k.w_\n_...w...w_\n_....w.wF_\n_....wfw1_\n_.....w.3_\n_W17....._\n__________
LEVEL:171:_____________\n_B12S14F13ww_\n_S17O14W16bw_\n_wwwwwwwww.w_\n_wwwwww..osw_\n_wwwww..os.w_\n_wwww...so.w_\n_www...so..w_\n_ww.....so.w_\n_w......os.w_\n_........osw_\n_.......os.w_\n_w......so.w_\n_ww....so..w_\n_www....so.w_\n_wwww...os.w_\n_wwwww...osw_\n_wwwwww.os.w_\n_wwwwwwwwwfw_\n_____________
LEVEL:172:____________________\n_S16.........wwww.._\n_............wBFw.._\n_............w11w.._\n_............w23w.._\n_............wwww.._\n_...wwwwwwwww......_\n_...wosooooow......_\n_...wooooooow......_\n_...wooobosow......_\n_...wsooooosw......_\n_...woosoooow......_\n_...wwwwwwwww......_\n_.................._\n_.......f.........._\n_.................._\n_.................._\n_.................._\n_.................._\n____________________
LEVEL:173:__________\n_B12oo.b._\n_ooooo.F._\n_sosoo.1._\n_ofooo.3._\n_sosoo..._\n_oooooooo_\n_ooooO14o_\n_oooooooo_\n__________
LEVEL:174:____________________\n_wwowwf....Kwbwwow._\n_wB12wwF13.1w.wooWw_\n_wwbww.o.oA12.oo.1w_\n_LRwwV....o3o.wwo6r_\n_11.Br1......kwwwwg_\n_451.3..llll..wwwgg_\n_..4lwgwlllllllwwwg_\n_llllwvwllllllwK17w_\n____________________
LEVEL:175:__________\n_bsfgalro_\n_kwoBSFWA_\n_ROKGV213_\n_6750489w_\n_w.....ww_\n_w.wwwwWw_\n_w...vw1w_\n_B12V136w_\n__________
LEVEL:176:____________________\n_W........wwwwwwwww_\n_1wwwwwwwww......Kw_\n_6woooooowwR1.O.81w_\n_Kwooo3koww..3.1.9w_\n_1wkoooooww.......w_\n_4wo1kbkowwaaaaw.ww_\n_Awooooooww....oww._\n_1wK17ooowwb..woow._\n_9wwwwwwwwww.swoww._\n_Awwwwwwwwwwwlwwww._\n_1wb.....ww......w._\n_4wwwww.www.b.R..w._\n_Sw......ww.r.1..w._\n_1ww.wwwwww...5L.w._\n_4wrrrrrrww....1.w._\n_Bwrrfrrrww....8.w._\n_1wwwwwwwwwwwwwwww._\n_9R19F13L18R14B12.._\n____________________
LEVEL:177:__________\n_........_\n_S2..B12._\n_w...s..._\n_...7wooo_\n_.1.vooVo_\n_.3vbW1.6_\n_...voo2o_\n_V14.oO16_\n__________
LEVEL:178:____________________\n_WR1R.....wwwwwwwww_\n_1wwwwwwwww......Kw_\n_6wK17ooowwR1.O.81w_\n_Kwkooo3oww..3.1.9w_\n_1wkoooooww.......w_\n_4wo1kbkowwaaaaw.ww_\n_Awooooooww.....ww._\n_1woooooowwb..w..w._\n_9wwwwwwwwww.sw.ww._\n_Awwwwwwwwwwwlwwww._\n_1wb.....ww......w._\n_4wwwww.www.b.R..w._\n_Sw......ww.r.1..w._\n_1ww.wwwwww...5L.w._\n_4wrrrrrrww....1.w._\n_Bwrrfrrrww....8.w._\n_1wwwwwwwwwwwwwwww._\n_9R19F13L18R14B12.._\n____________________
LEVEL:179:__________\n_KF13K1K._\n_1f......_\n_4.wwwwwk_\n_B.wK1b.._\n_1.waA.6._\n_2WwvV.2._\n_w1wgG.0._\n_w6wlL.8._\n__________
LEVEL:180:____________________\n_S14W16...........V_\n_B12V18ww.........1_\n_G14S19..w........5_\n_.w.w..ww.........._\n_...www............_\n_.................._\n_.................._\n_....wwwwsw........_\n_...w.vb..w........_\n_..w..b...w........_\n_...w..b..w........_\n_....wwwwww........_\n_.................._\n_...O15........gggg_\n_...F13....gggggggg_\n_.........gggoooooo_\n_......ggggggoooooo_\n_..ggggggggggooooof_\n____________________
LEVEL:181:____________\n_L.kwB..K1r_\n_w.r..3.fos_\n_wS1.....s1_\n_g.r.W1..s4_\n_W.b......._\n_kk..rb.ff5_\n_9.B12....G_\n_.b.f.swgw1_\n_g.o...oO.0_\n_v.wwoRF1.f_\n____________
LEVEL:182:__________\n_K14....._\n_1k..k..._\n_.boL..k._\n_.A15..aa_\n_.b....b._\n_k...F.k._\n_..k.1..._\n_B12.lf13_\n__________
LEVEL:183:____________________\n_Wwvvvvvvvfvvvvvvvv_\n_1wvvvvvvv.vvvvvvvv_\n_6wvvvvvvv.vvvvvvvv_\n_Fwvvvvvvv.vvvvvvvv_\n_1wvvvvvvv.vvvvvvvv_\n_3wvvvvvvvvvvvvvvvv_\n_Vwvvvvvvvvvvvvvvvv_\n_1wvvvvvvvvvvvvvvvv_\n_4wvvvvvvvvvvvvvvvv_\n_wwvvvvvvvvvvwwwwww_\n_............r....._\n_............rRK.B._\n_...b..sss...r11.1._\n_..B12..S....r457.._\n_..B12..1....r....._\n_.......5....kw...._\n_.O1O........ww...._\n_............w....._\n____________________
BATCH:-1:0:0
BATCH:-1:1:1
BATCH:-1:2:2
BATCH:-1:3:3
BATCH:-1:4:4
BATCH:-1:5:5
BATCH:-1:6:6
BATCH:-1:7:7
BATCH:-1:8:8
BATCH:-1:9:9
BATCH:-1:10:10
BATCH:-1:11:11
BATCH:-1:12:12
BATCH:-1:13:13
BATCH:-1:14:14
BATCH:-1:15:15
BATCH:-1:16:16
BATCH:-1:17:17
BATCH:-1:18:18
BATCH:-1:19:19
BATCH:-1:20:20
BATCH:-1:21:21
BATCH:-1:22:22
BATCH:-1:23:23
BATCH:-1:24:24
BATCH:-1:25:25
BATCH:-1:26:26
BATCH:-1:27:27
BATCH:-1:28:28
BATCH:-1:29:29
BATCH:-1:30:30
BATCH:-1:31:31
BATCH:-1:32:32
BATCH:-1:33:33
BATCH:-1:34:34
BATCH:-1:35:35
BATCH:-1:36:36
BATCH:-1:37:37
BATCH:-1:38:38
BATCH:-1:39:39
BATCH:-1:40:40
BATCH:-1:41:41
BATCH:-1:42:42
BATCH:-1:43:43
BATCH:-1:44:44
BATCH:-1:45:45
BATCH:-1:46:46
BATCH:-1:47:47
BATCH:-1:48:48
BATCH:-1:49:49
BATCH:-1:50:50
BATCH:-1:51:51
BATCH:-1:52:52
BATCH:-1:53:53
BATCH:-1:54:54
BATCH:-1:55:55
BATCH:-1:56:56
BATCH:-1:57:57
BATCH:-1:58:58
BATCH:-1:59:59
BATCH:-1:60:60
BATCH:-1:61:61
BATCH:-1:62:62
BATCH:-1:63:63
BATCH:-1:64:64
BATCH:-1:65:65
BATCH:-1:66:66
BATCH:-1:67:67
BATCH:-1:68:68
BATCH:-1:69:69
BATCH:-1:70:70
BATCH:-1:71:71
BATCH:-1:72:72
BATCH:-1:73:73
BATCH:-1:74:74
BATCH:-1:75:75
BATCH:-1:76:76
BATCH:-1:77:77
BATCH:-1:78:78
BATCH:-1:79:79
BATCH:-1:80:80
BATCH:-1:81:81
BATCH:-1:82:82
BATCH:-1:83:83
BATCH:-1:84:84
BATCH:-1:85:85
BATCH:-1:86:86
BATCH:-1:87:87
BATCH:-1:88:88
BATCH:-1:89:89
BATCH:-1:90:90
BATCH:-1:91:91
BATCH:-1:92:92
BATCH:-1:93:93
BATCH:-1:94:94
BATCH:-1:95:95
BATCH:-1:96:96
BATCH:-1:97:97
BATCH:-1:98:98
BATCH:-1:99:99
BATCH:-1:100:100
BATCH:-1:101:101
BATCH:-1:102:102
BATCH:-1:103:103
BATCH:-1:104:104
BATCH:-1:105:105
BATCH:-1:106:106
BATCH:-1:107:107
BATCH:-1:108:108
BATCH:-1:109:109
BATCH:-1:110:110
BATCH:-1:111:111
BATCH:-1:112:112
BATCH:-1:113:113
BATCH:-1:114:114
BATCH:-1:115:115
BATCH:-1:116:116
BATCH:-1:117:117
BATCH:-1:118:118
BATCH:-1:119:119
BATCH:-1:120:120
BATCH:-1:121:121
BATCH:-1:122:122
BATCH:-1:123:123
BATCH:-1:124:124
BATCH:-1:125:125
BATCH:-1:126:126
BATCH:-1:127:127
BATCH:-1:128:128
BATCH:-1:129:129
BATCH:-1:130:130
BATCH:-1:131:131
BATCH:-1:132:132
BATCH:-1:133:133
BATCH:-1:134:134
BATCH:-1:135:135
BATCH:-1:136:136
BATCH:-1:137:137
BATCH:-1:138:138
BATCH:-1:139:139
BATCH:-1:140:140
BATCH:-1:141:141
BATCH:-1:142:142
BATCH:-1:143:143
BATCH:-1:144:144
BATCH:-1:145:145
BATCH:-1:146:146
BATCH:-1:147:147
BATCH:-1:148:148
BATCH:-1:149:149
BATCH:-1:150:150
BATCH:-1:151:151
BATCH:-1:152:152
BATCH:-1:153:153
BATCH:-1:154:154
BATCH:-1:155:155
BATCH:-1:156:156
BATCH:-1:157:157
BATCH:-1:158:158
BATCH:-1:159:159
BATCH:-1:160:160
BATCH:-1:161:161
BATCH:-1:162:162
BATCH:-1:163:163
BATCH:-1:164:164
BATCH:-1:165:165
BATCH:-1:166:166
BATCH:-1:167:167
BATCH:-1:168:168
BATCH:-1:169:169
BATCH:-1:170:170
BATCH:-1:171:171
BATCH:-1:172:172
BATCH:-1:173:173
BATCH:-1:174:174
BATCH:-1:175:175
BATCH:-1:176:176
BATCH:-1:177:177
BATCH:-1:178:178
BATCH:-1:179:179
BATCH:-1:180:180
BATCH:-1:181:181
BATCH:-1:182:182
BATCH:-1:183:183
EVAL_INSTANCE:0:0:387
RUN_RESULT:0:0:0:2000:----
RUN_RESULT:0:0:1:2000:----
RUN_RESULT:0:0:2:11:DDL
RUN_RESULT:0:0:3:2000:----
RUN_RESULT:0:0:4:1223:ULLLUUULUURDDRR
RUN_RESULT:0:0:5:2000:----
RUN_RESULT:0:0:6:5:UUUU
RUN_RESULT:0:0:7:445:URWLWRUUUWUDWURURU
RUN_RESULT:0:0:8:2000:----
RUN_RESULT:0:0:9:4:UUUR
RUN_RESULT:0:0:10:24:DDD
RUN_RESULT:0:0:11:2000:----
RUN_RESULT:0:0:12:2000:----
RUN_RESULT:0:0:13:2000:----
RUN_RESULT:0:0:14:2000:----
RUN_RESULT:0:0:15:2000:----
RUN_RESULT:0:0:16:2000:----
RUN_RESULT:0:0:17:86:LLUUUUULLLU
RUN_RESULT:0:0:18:2000:----
RUN_RESULT:0:0:19:2000:----
RUN_RESULT:0:0:20:2000:----
RUN_RESULT:0:0:21:2000:----
RUN_RESULT:0:0:22:35:DDDR
RUN_RESULT:0:0:23:2000:----
RUN_RESULT:0:0:24:802:DDDDLUDDRRRR
RUN_RESULT:0:0:25:2000:----
RUN_RESULT:0:0:26:2000:----
RUN_RESULT:0:0:27:110:DDDDDDRRRR
RUN_RESULT:0:0:28:2000:----
RUN_RESULT:0:0:29:2000:----
RUN_RESULT:0:0:30:2000:----
RUN_RESULT:0:0:31:2000:----
RUN_RESULT:0:0:32:2000:----
RUN_RESULT:0:0:33:2000:----
RUN_RESULT:0:0:34:2000:----
RUN_RESULT:0:0:35:2000:----
RUN_RESULT:0:0:36:29:RRR
RUN_RESULT:0:0:37:5:UU
RUN_RESULT:0:0:38:2000:----
RUN_RESULT:0:0:39:2000:----
RUN_RESULT:0:0:40:103:DDRDRDLRR
RUN_RESULT:0:0:41:2000:----
RUN_RESULT:0:0:42:2000:----
RUN_RESULT:0:0:43:2000:----
RUN_RESULT:0:0:44:3:RLR
RUN_RESULT:0:0:45:2000:----
RUN_RESULT:0:0:46:2000:----
RUN_RESULT:0:0:47:2000:----
RUN_RESULT:0:0:48:2000:----
RUN_RESULT:0:0:49:2000:----
RUN_RESULT:0:0:50:2000:----
RUN_RESULT:0:0:51:14:DDLDRRLLL
RUN_RESULT:0:0:52:79:DRRR
RUN_RESULT:0:0:53:2000:----
RUN_RESULT:0:0:54:2000:----
RUN_RESULT:0:0:55:2000:----
RUN_RESULT:0:0:56:2000:----
RUN_RESULT:0:0:57:2000:----
RUN_RESULT:0:0:58:104:DRRR
RUN_RESULT:0:0:59:2000:----
RUN_RESULT:0:0:60:1:U
RUN_RESULT:0:0:61:2000:----
RUN_RESULT:0:0:62:2000:----
RUN_RESULT:0:0:63:2000:----
RUN_RESULT:0:0:64:812:UUUUULUR
RUN_RESULT:0:0:65:328:DRDRRR
RUN_RESULT:0:0:66:375:UURWRUUDDLLRUUUULLDUURRRRR
RUN_RESULT:0:0:67:2000:----
RUN_RESULT:0:0:68:2000:----
RUN_RESULT:0:0:69:2000:----
RUN_RESULT:0:0:70:2000:----
RUN_RESULT:0:0:71:2000:----
RUN_RESULT:0:0:72:2000:----
RUN_RESULT:0:0:73:24:DDD
RUN_RESULT:0:0:74:14:DDD
RUN_RESULT:0:0:75:2000:----
RUN_RESULT:0:0:76:2000:----
RUN_RESULT:0:0:77:2000:----
RUN_RESULT:0:0:78:2000:----
RUN_RESULT:0:0:79:2000:----
RUN_RESULT:0:0:80:2000:----
RUN_RESULT:0:0:81:95:UUUURUURRURRRR
RUN_RESULT:0:0:82:2000:----
RUN_RESULT:0:0:83:60:RRRRR
RUN_RESULT:0:0:84:2000:----
RUN_RESULT:0:0:85:2000:----
RUN_RESULT:0:0:86:103:DRRRRD
RUN_RESULT:0:0:87:256:ULLDDDUUUUUUUL
RUN_RESULT:0:0:88:1097:ULLDUUUUULLUULDDDURRRLDLDRUUU
RUN_RESULT:0:0:89:522:UURRDDRDR
RUN_RESULT:0:0:90:2000:----
RUN_RESULT:0:0:91:2000:----
RUN_RESULT:0:0:92:2000:----
RUN_RESULT:0:0:93:2000:----
RUN_RESULT:0:0:94:2000:----
RUN_RESULT:0:0:95:2000:----
RUN_RESULT:0:0:96:2000:----
RUN_RESULT:0:0:97:8:UUR
RUN_RESULT:0:0:98:2:L
RUN_RESULT:0:0:99:2000:----
RUN_RESULT:0:0:100:2000:----
RUN_RESULT:0:0:101:2000:----
RUN_RESULT:0:0:102:4:R
RUN_RESULT:0:0:103:2000:----
RUN_RESULT:0:0:104:2000:----
RUN_RESULT:0:0:105:2000:----
RUN_RESULT:0:0:106:2000:----
RUN_RESULT:0:0:107:2000:----
RUN_RESULT:0:0:108:2000:----
RUN_RESULT:0:0:109:2000:----
RUN_RESULT:0:0:110:2000:----
RUN_RESULT:0:0:111:2000:----
RUN_RESULT:0:0:112:2000:----
RUN_RESULT:0:0:113:18:DRR
RUN_RESULT:0:0:114:2000:----
RUN_RESULT:0:0:115:2000:----
RUN_RESULT:0:0:116:2000:----
RUN_RESULT:0:0:117:2000:----
RUN_RESULT:0:0:118:2000:----
RUN_RESULT:0:0:119:2000:----
RUN_RESULT:0:0:120:2000:----
RUN_RESULT:0:0:121:2000:----
RUN_RESULT:0:0:122:32:DDRRR
RUN_RESULT:0:0:123:2000:----
RUN_RESULT:0:0:124:2000:----
RUN_RESULT:0:0:125:2000:----
RUN_RESULT:0:0:126:2000:----
RUN_RESULT:0:0:127:48:DDDDL
RUN_RESULT:0:0:128:2000:----
RUN_RESULT:0:0:129:2000:----
RUN_RESULT:0:0:130:2000:----
RUN_RESULT:0:0:131:2000:----
RUN_RESULT:0:0:132:2000:----
RUN_RESULT:0:0:133:2000:----
RUN_RESULT:0:0:134:2000:----
RUN_RESULT:0:0:135:2000:----
RUN_RESULT:0:0:136:2000:----
RUN_RESULT:0:0:137:48:DDDDL
RUN_RESULT:0:0:138:1015:DDRRRDRUUUDDDDDD
RUN_RESULT:0:0:139:2000:----
RUN_RESULT:0:0:140:127:UUUUURRURRRR
RUN_RESULT:0:0:141:2000:----
RUN_RESULT:0:0:142:2000:----
RUN_RESULT:0:0:143:931:UURRUDDRDRDRRDLLDLLLLL
RUN_RESULT:0:0:144:2000:----
RUN_RESULT:0:0:145:2000:----
RUN_RESULT:0:0:146:322:LUURRRDDDRRURUUULUUDLULUURURRRDRDDDDD
RUN_RESULT:0:0:147:2000:----
RUN_RESULT:0:0:148:2000:----
RUN_RESULT:0:0:149:2000:----
RUN_RESULT:0:0:150:2000:----
RUN_RESULT:0:0:151:2000:----
RUN_RESULT:0:0:152:2000:----
RUN_RESULT:0:0:153:2000:----
RUN_RESULT:0:0:154:30:DRRR
RUN_RESULT:0:0:155:976:DRRRRRDRUUUUULLL
RUN_RESULT:0:0:156:2000:----
RUN_RESULT:0:0:157:2000:----
RUN_RESULT:0:0:158:2000:----
RUN_RESULT:0:0:159:2000:----
RUN_RESULT:0:0:160:2000:----
RUN_RESULT:0:0:161:2000:----
RUN_RESULT:0:0:162:99:DDDDDDRRRDRRRR
RUN_RESULT:0:0:163:2000:----
RUN_RESULT:0:0:164:133:DDLDLLLDLLDDD
RUN_RESULT:0:0:165:2000:----
RUN_RESULT:0:0:166:2000:----
RUN_RESULT:0:0:167:2000:----
RUN_RESULT:0:0:168:2000:----
RUN_RESULT:0:0:169:2000:----
RUN_RESULT:0:0:170:332:DDUDD
RUN_RESULT:0:0:171:2000:----
RUN_RESULT:0:0:172:63:DDDDD
RUN_RESULT:0:0:173:2000:----
RUN_RESULT:0:0:174:101:LLLLLDDLDLDD
RUN_RESULT:0:0:175:158:RRDDUURDURDURDULLL
RUN_RESULT:0:0:176:2000:----
RUN_RESULT:0:0:177:2000:----
RUN_RESULT:0:0:178:2000:----
RUN_RESULT:0:0:179:2000:----
RUN_RESULT:0:0:180:2000:----
RUN_RESULT:0:0:181:2000:----
RUN_RESULT:0:0:182:2000:----
RUN_RESULT:0:0:183:2000:----
The time of execution is: 480.153133392334 s
